Likely range and median non-CO2 forcing in well-below-2-degree scenarios
    2000   0.278   0.278   0.278
    2001   0.280   0.280   0.280
    2002   0.288   0.288   0.288
    2003   0.290   0.290   0.290
    2004   0.291   0.291   0.291
    2005   0.303   0.303   0.303
    2006   0.325   0.325   0.325
    2007   0.347   0.347   0.347
    2008   0.371   0.371   0.371
    2009   0.401   0.401   0.401
    2010   0.418   0.423   0.426
    2011   0.431   0.444   0.452
    2012   0.444   0.471   0.480
    2013   0.464   0.493   0.511
    2014   0.479   0.512   0.535
    2015   0.494   0.530   0.561
    2016   0.510   0.542   0.590
    2017   0.525   0.554   0.614
    2018   0.539   0.571   0.646
    2019   0.551   0.592   0.674
    2020   0.564   0.618   0.700
    2021   0.571   0.635   0.724
    2022   0.578   0.657   0.741
    2023   0.593   0.678   0.760
    2024   0.601   0.695   0.780
    2025   0.606   0.705   0.789
    2026   0.611   0.712   0.788
    2027   0.614   0.722   0.789
    2028   0.608   0.728   0.799
    2029   0.612   0.731   0.804
    2030   0.629   0.737   0.800
    2031   0.631   0.728   0.794
    2032   0.632   0.718   0.790
    2033   0.634   0.714   0.787
    2034   0.632   0.714   0.787
    2035   0.627   0.712   0.789
    2036   0.615   0.697   0.786
    2037   0.603   0.688   0.783
    2038   0.596   0.686   0.784
    2039   0.588   0.679   0.776
    2040   0.577   0.666   0.774
    2041   0.565   0.658   0.771
    2042   0.555   0.648   0.762
    2043   0.547   0.642   0.752
    2044   0.534   0.635   0.738
    2045   0.523   0.626   0.733
    2046   0.507   0.616   0.720
    2047   0.495   0.608   0.707
    2048   0.484   0.600   0.698
    2049   0.476   0.593   0.690
    2050   0.462   0.590   0.680
    2051   0.447   0.581   0.665
    2052   0.436   0.576   0.654
    2053   0.423   0.565   0.646
    2054   0.414   0.556   0.635
    2055   0.407   0.546   0.627
    2056   0.401   0.541   0.617
    2057   0.398   0.536   0.609
    2058   0.390   0.530   0.601
    2059   0.376   0.525   0.595
    2060   0.370   0.519   0.590
    2061   0.358   0.511   0.583
    2062   0.346   0.507   0.575
    2063   0.338   0.503   0.567
    2064   0.332   0.500   0.562
    2065   0.325   0.496   0.558
    2066   0.320   0.492   0.554
    2067   0.314   0.487   0.545
    2068   0.309   0.479   0.538
    2069   0.304   0.471   0.533
    2070   0.300   0.467   0.528
    2071   0.297   0.457   0.524
    2072   0.296   0.451   0.521
    2073   0.293   0.447   0.518
    2074   0.288   0.443   0.517
    2075   0.283   0.443   0.516
    2076   0.278   0.442   0.514
    2077   0.277   0.437   0.513
    2078   0.275   0.433   0.511
    2079   0.270   0.434   0.509
    2080   0.269   0.432   0.509
    2081   0.270   0.430   0.509
    2082   0.269   0.429   0.508
    2083   0.269   0.424   0.507
    2084   0.270   0.426   0.505
    2085   0.267   0.429   0.505
    2086   0.270   0.423   0.505
    2087   0.271   0.419   0.506
    2088   0.270   0.414   0.504
    2089   0.272   0.412   0.502
    2090   0.272   0.410   0.500
    2091   0.268   0.405   0.497
    2092   0.263   0.403   0.497
    2093   0.260   0.401   0.496
    2094   0.259   0.399   0.494
    2095   0.259   0.395   0.493
    2096   0.261   0.394   0.492
    2097   0.264   0.390   0.491
    2098   0.263   0.387   0.492
    2099   0.263   0.385   0.493
    2100   0.260   0.382   0.491
