1850.042  -0.788   0.178   0.172   0.048
1850.125  -0.191   0.181   0.173   0.050
1850.208  -0.441   0.176   0.169   0.051
1850.292  -0.568   0.166   0.159   0.047
1850.375  -0.515   0.152   0.145   0.045
1850.458  -0.288   0.139   0.130   0.047
1850.542  -0.047   0.128   0.119   0.047
1850.625  -0.012   0.124   0.116   0.044
1850.708  -0.303   0.131   0.123   0.047
1850.792  -0.634   0.144   0.136   0.048
1850.875  -0.473   0.157   0.151   0.044
1850.958  -0.423   0.171   0.163   0.050
1851.042  -0.168   0.177   0.170   0.049
1851.125  -0.428   0.178   0.171   0.049
1851.208  -0.728   0.174   0.166   0.051
1851.292  -0.693   0.162   0.155   0.045
1851.375  -0.197   0.148   0.141   0.043
1851.458  -0.075   0.136   0.127   0.048
1851.542  -0.056   0.126   0.117   0.047
1851.625  -0.068   0.124   0.116   0.043
1851.708  -0.065   0.132   0.124   0.046
1851.792  -0.059   0.146   0.137   0.048
1851.875  -0.115   0.159   0.152   0.048
1851.958  -0.059   0.171   0.163   0.051
1852.042  -0.493   0.176   0.170   0.047
1852.125  -0.490   0.177   0.170   0.051
1852.208  -0.674   0.171   0.163   0.051
1852.292  -0.701   0.159   0.152   0.045
1852.375  -0.112   0.145   0.138   0.046
1852.458   0.002   0.133   0.124   0.048
1852.542   0.035   0.125   0.115   0.048
1852.625  -0.198   0.124   0.115   0.046
1852.708  -0.102   0.133   0.124   0.047
1852.792  -0.166   0.147   0.139   0.050
1852.875  -0.404   0.160   0.153   0.048
1852.958   0.170   0.172   0.164   0.052
1853.042  -0.270   0.177   0.170   0.051
1853.125  -0.386   0.176   0.169   0.049
1853.208  -0.484   0.170   0.162   0.052
1853.292  -0.448   0.157   0.150   0.046
1853.375  -0.247   0.143   0.135   0.047
1853.458  -0.181   0.132   0.122   0.050
1853.542   0.080   0.124   0.114   0.049
1853.625  -0.042   0.125   0.115   0.048
1853.708  -0.345   0.133   0.125   0.044
1853.792  -0.462   0.148   0.140   0.047
1853.875  -0.610   0.161   0.154   0.045
1853.958  -0.465   0.172   0.165   0.049
1854.042  -0.504   0.177   0.170   0.048
1854.125  -0.462   0.175   0.168   0.050
1854.208  -0.242   0.168   0.160   0.050
1854.292  -0.335   0.155   0.148   0.046
1854.375  -0.398   0.141   0.133   0.046
1854.458  -0.376   0.129   0.119   0.049
1854.542  -0.153   0.122   0.112   0.048
1854.625  -0.043   0.123   0.115   0.045
1854.708  -0.035   0.134   0.126   0.045
1854.792   0.011   0.149   0.141   0.048
1854.875  -0.317   0.162   0.155   0.046
1854.958  -0.303   0.173   0.166   0.049
1855.042  -0.096   0.176   0.170   0.046
1855.125  -0.410   0.175   0.168   0.049
1855.208  -0.384   0.168   0.159   0.052
1855.292  -0.071   0.152   0.146   0.042
1855.375  -0.239   0.138   0.131   0.043
1855.458  -0.150   0.126   0.118   0.046
1855.542  -0.241   0.120   0.111   0.046
1855.625  -0.117   0.123   0.115   0.044
1855.708  -0.383   0.135   0.126   0.047
1855.792  -0.237   0.151   0.142   0.050
1855.875  -0.291   0.163   0.156   0.046
1855.958  -0.499   0.173   0.167   0.048
1856.042  -0.175   0.177   0.171   0.048
1856.125  -0.522   0.175   0.168   0.051
1856.208  -0.550   0.167   0.159   0.052
1856.292  -0.393   0.152   0.145   0.044
1856.375  -0.268   0.137   0.130   0.044
1856.458  -0.132   0.126   0.116   0.048
1856.542  -0.249   0.120   0.111   0.047
1856.625  -0.291   0.123   0.115   0.044
1856.708  -0.546   0.135   0.127   0.044
1856.792  -0.483   0.151   0.143   0.048
1856.875  -0.614   0.163   0.157   0.045
1856.958  -0.459   0.173   0.167   0.047
1857.042  -0.707   0.176   0.171   0.045
1857.125  -0.422   0.174   0.167   0.049
1857.208  -0.531   0.165   0.158   0.049
1857.292  -0.810   0.151   0.144   0.044
1857.375  -0.741   0.136   0.129   0.043
1857.458  -0.280   0.125   0.116   0.048
1857.542  -0.424   0.119   0.110   0.045
1857.625  -0.204   0.123   0.115   0.043
1857.708  -0.349   0.135   0.128   0.044
1857.792  -0.455   0.151   0.143   0.048
1857.875  -0.636   0.164   0.157   0.045
1857.958  -0.280   0.173   0.167   0.045
1858.042  -0.416   0.176   0.170   0.047
1858.125  -0.575   0.174   0.167   0.049
1858.208  -0.538   0.165   0.157   0.049
1858.292  -0.339   0.150   0.143   0.043
1858.375  -0.556   0.135   0.128   0.044
1858.458  -0.466   0.125   0.115   0.048
1858.542  -0.319   0.119   0.111   0.045
1858.625  -0.316   0.124   0.116   0.044
1858.708  -0.388   0.136   0.128   0.044
1858.792  -0.242   0.151   0.144   0.048
1858.875  -0.513   0.164   0.157   0.046
1858.958  -0.403   0.173   0.166   0.048
1859.042  -0.550   0.176   0.169   0.048
1859.125  -0.458   0.172   0.166   0.048
1859.208  -0.456   0.163   0.156   0.049
1859.292  -0.118   0.149   0.142   0.045
1859.375  -0.251   0.134   0.127   0.043
1859.458  -0.246   0.125   0.115   0.047
1859.542  -0.368   0.119   0.111   0.044
1859.625  -0.231   0.124   0.116   0.042
1859.708  -0.674   0.136   0.129   0.044
1859.792  -0.271   0.151   0.143   0.047
1859.875  -0.342   0.163   0.157   0.045
1859.958  -0.353   0.172   0.165   0.047
1860.042  -0.466   0.174   0.168   0.048
1860.125  -0.524   0.170   0.164   0.047
1860.208  -0.989   0.161   0.154   0.048
1860.292  -0.474   0.148   0.141   0.044
1860.375  -0.365   0.133   0.126   0.043
1860.458  -0.349   0.125   0.115   0.048
1860.542  -0.122   0.120   0.111   0.044
1860.625  -0.154   0.124   0.117   0.042
1860.708  -0.140   0.136   0.129   0.044
1860.792  -0.277   0.150   0.143   0.047
1860.875  -0.633   0.162   0.155   0.045
1860.958  -0.982   0.170   0.163   0.046
1861.042  -1.128   0.172   0.166   0.048
1861.125  -0.818   0.169   0.162   0.047
1861.208  -0.548   0.161   0.153   0.051
1861.292  -0.306   0.146   0.140   0.043
1861.375  -0.630   0.134   0.126   0.045
1861.458  -0.297   0.125   0.115   0.048
1861.542  -0.405   0.121   0.112   0.045
1861.625  -0.061   0.125   0.117   0.044
1861.708  -0.310   0.136   0.128   0.044
1861.792  -0.456   0.149   0.142   0.048
1861.875  -0.510   0.159   0.153   0.043
1861.958  -0.424   0.167   0.161   0.045
1862.042  -0.934   0.171   0.163   0.049
1862.125  -0.658   0.166   0.160   0.046
1862.208  -0.600   0.159   0.151   0.049
1862.292  -0.594   0.146   0.139   0.045
1862.375  -0.449   0.133   0.126   0.043
1862.458  -0.310   0.125   0.116   0.047
1862.542  -0.332   0.120   0.112   0.044
1862.625  -0.607   0.125   0.117   0.044
1862.708  -0.381   0.134   0.127   0.043
1862.792  -0.471   0.147   0.140   0.045
1862.875  -0.655   0.158   0.151   0.045
1862.958  -1.054   0.165   0.159   0.046
1863.042  -0.328   0.167   0.161   0.047
1863.125  -0.371   0.164   0.157   0.047
1863.208  -0.538   0.157   0.149   0.048
1863.292  -0.352   0.144   0.137   0.044
1863.375  -0.359   0.132   0.125   0.044
1863.458  -0.426   0.125   0.115   0.049
1863.542  -0.268   0.121   0.112   0.046
1863.625  -0.354   0.124   0.116   0.044
1863.708  -0.317   0.133   0.126   0.044
1863.792  -0.460   0.146   0.138   0.046
1863.875  -0.475   0.155   0.149   0.045
1863.958  -0.426   0.163   0.156   0.049
1864.042  -0.894   0.165   0.158   0.048
1864.125  -0.652   0.161   0.154   0.045
1864.208  -0.524   0.154   0.146   0.048
1864.292  -0.585   0.142   0.135   0.042
1864.375  -0.297   0.130   0.123   0.041
1864.458  -0.157   0.123   0.114   0.045
1864.542  -0.234   0.119   0.111   0.042
1864.625  -0.337   0.122   0.115   0.042
1864.708  -0.469   0.131   0.124   0.041
1864.792  -0.610   0.143   0.136   0.044
1864.875  -0.356   0.153   0.146   0.046
1864.958  -0.633   0.160   0.153   0.046
1865.042  -0.235   0.162   0.155   0.047
1865.125  -0.480   0.158   0.151   0.046
1865.208  -0.727   0.151   0.144   0.047
1865.292  -0.470   0.140   0.133   0.045
1865.375  -0.354   0.129   0.121   0.042
1865.458  -0.216   0.122   0.113   0.047
1865.542  -0.258   0.118   0.110   0.045
1865.625  -0.227   0.121   0.113   0.043
1865.708  -0.173   0.129   0.122   0.042
1865.792  -0.252   0.141   0.133   0.045
1865.875  -0.362   0.150   0.143   0.046
1865.958  -0.423   0.156   0.149   0.047
1866.042  -0.228   0.158   0.151   0.048
1866.125  -0.340   0.156   0.148   0.048
1866.208  -0.573   0.149   0.140   0.049
1866.292  -0.544   0.138   0.130   0.047
1866.375  -0.528   0.127   0.119   0.045
1866.458  -0.054   0.121   0.111   0.048
1866.542   0.002   0.118   0.108   0.048
1866.625  -0.225   0.121   0.111   0.047
1866.708  -0.390   0.129   0.120   0.047
1866.792  -0.398   0.139   0.130   0.048
1866.875  -0.247   0.148   0.140   0.048
1866.958  -0.235   0.154   0.146   0.049
1867.042  -0.316   0.155   0.148   0.048
1867.125  -0.418   0.153   0.145   0.049
1867.208  -0.701   0.146   0.137   0.050
1867.292  -0.448   0.136   0.127   0.047
1867.375  -0.604   0.125   0.117   0.044
1867.458  -0.396   0.119   0.109   0.048
1867.542  -0.304   0.116   0.106   0.048
1867.625  -0.391   0.119   0.109   0.046
1867.708  -0.155   0.126   0.117   0.046
1867.792  -0.168   0.136   0.128   0.047
1867.875  -0.102   0.145   0.137   0.048
1867.958  -0.368   0.151   0.143   0.050
1868.042  -0.707   0.153   0.144   0.050
1868.125  -0.731   0.151   0.142   0.052
1868.208  -0.384   0.144   0.135   0.052
1868.292  -0.316   0.133   0.125   0.047
1868.375  -0.194   0.124   0.114   0.048
1868.458  -0.167   0.118   0.106   0.052
1868.542   0.073   0.115   0.103   0.050
1868.625  -0.080   0.117   0.107   0.048
1868.708  -0.228   0.124   0.115   0.047
1868.792  -0.141   0.133   0.125   0.047
1868.875  -0.334   0.141   0.134   0.045
1868.958  -0.159   0.148   0.140   0.049
1869.042  -0.342   0.149   0.142   0.048
1869.125   0.053   0.147   0.139   0.049
1869.208  -0.659   0.142   0.132   0.052
1869.292  -0.368   0.130   0.122   0.045
1869.375  -0.320   0.122   0.112   0.047
1869.458  -0.321   0.115   0.104   0.048
1869.542  -0.370   0.112   0.101   0.047
1869.625  -0.133   0.113   0.104   0.044
1869.708  -0.202   0.121   0.112   0.044
1869.792  -0.250   0.130   0.122   0.046
1869.875  -0.236   0.138   0.131   0.045
1869.958  -0.507   0.145   0.137   0.047
1870.042  -0.264   0.146   0.139   0.047
1870.125  -0.542   0.144   0.136   0.047
1870.208  -0.466   0.138   0.130   0.048
1870.292  -0.340   0.127   0.120   0.042
1870.375  -0.327   0.118   0.110   0.041
1870.458  -0.200   0.112   0.102   0.046
1870.542  -0.038   0.109   0.099   0.046
1870.625  -0.304   0.112   0.102   0.045
1870.708  -0.219   0.118   0.110   0.043
1870.792  -0.364   0.129   0.119   0.048
1870.875  -0.336   0.135   0.128   0.043
1870.958  -0.686   0.142   0.134   0.047
1871.042  -0.585   0.143   0.136   0.045
1871.125  -0.589   0.141   0.133   0.047
1871.208  -0.262   0.135   0.127   0.047
1871.292  -0.216   0.125   0.118   0.043
1871.375  -0.395   0.115   0.108   0.039
1871.458  -0.228   0.110   0.100   0.044
1871.542  -0.062   0.107   0.098   0.044
1871.625  -0.212   0.108   0.100   0.041
1871.708  -0.366   0.115   0.108   0.041
1871.792  -0.430   0.125   0.117   0.043
1871.875  -0.550   0.132   0.125   0.043
1871.958  -0.462   0.138   0.131   0.044
1872.042  -0.582   0.140   0.133   0.045
1872.125  -0.522   0.139   0.130   0.048
1872.208  -0.479   0.133   0.124   0.049
1872.292  -0.391   0.123   0.115   0.043
1872.375  -0.166   0.114   0.106   0.043
1872.458  -0.311   0.110   0.099   0.048
1872.542  -0.083   0.107   0.096   0.047
1872.625  -0.011   0.108   0.099   0.044
1872.708  -0.157   0.115   0.106   0.044
1872.792  -0.194   0.122   0.114   0.043
1872.875  -0.324   0.130   0.122   0.044
1872.958  -0.563   0.136   0.127   0.046
1873.042  -0.238   0.136   0.129   0.044
1873.125  -0.274   0.135   0.126   0.047
1873.208  -0.382   0.129   0.120   0.046
1873.292  -0.502   0.120   0.112   0.042
1873.375  -0.339   0.112   0.104   0.043
1873.458  -0.254   0.107   0.097   0.045
1873.542  -0.184   0.106   0.095   0.048
1873.625  -0.131   0.108   0.098   0.045
1873.708  -0.365   0.113   0.104   0.045
1873.792  -0.309   0.121   0.112   0.045
1873.875  -0.412   0.127   0.119   0.045
1873.958  -0.204   0.132   0.123   0.046
1874.042  -0.224   0.132   0.124   0.045
1874.125  -0.441   0.131   0.122   0.049
1874.208  -0.701   0.125   0.116   0.047
1874.292  -0.440   0.118   0.108   0.046
1874.375  -0.370   0.110   0.101   0.045
1874.458  -0.602   0.106   0.095   0.047
1874.542  -0.211   0.105   0.094   0.047
1874.625  -0.264   0.107   0.096   0.046
1874.708  -0.168   0.111   0.102   0.044
1874.792  -0.468   0.119   0.109   0.047
1874.875  -0.460   0.123   0.115   0.043
1874.958  -0.308   0.128   0.119   0.047
1875.042  -0.557   0.128   0.119   0.046
1875.125  -0.505   0.125   0.116   0.047
1875.208  -0.604   0.120   0.111   0.047
1875.292  -0.457   0.113   0.104   0.044
1875.375  -0.300   0.107   0.097   0.044
1875.458  -0.278   0.104   0.093   0.046
1875.542  -0.222   0.103   0.092   0.046
1875.625  -0.154   0.105   0.095   0.044
1875.708  -0.180   0.110   0.101   0.044
1875.792  -0.226   0.115   0.106   0.043
1875.875  -0.495   0.119   0.111   0.042
1875.958  -0.563   0.123   0.114   0.047
1876.042  -0.516   0.123   0.114   0.046
1876.125  -0.334   0.120   0.111   0.046
1876.208  -0.382   0.115   0.105   0.047
1876.292  -0.391   0.108   0.099   0.043
1876.375  -0.563   0.103   0.094   0.044
1876.458  -0.326   0.102   0.090   0.046
1876.542  -0.046   0.102   0.090   0.048
1876.625  -0.238   0.103   0.094   0.044
1876.708  -0.319   0.108   0.099   0.043
1876.792  -0.335   0.112   0.104   0.043
1876.875  -0.586   0.116   0.108   0.042
1876.958  -0.652   0.119   0.109   0.047
1877.042  -0.408   0.118   0.108   0.047
1877.125  -0.235   0.115   0.105   0.048
1877.208  -0.077   0.111   0.100   0.048
1877.292  -0.287   0.104   0.094   0.043
1877.375  -0.380   0.100   0.090   0.045
1877.458  -0.037   0.100   0.087   0.048
1877.542   0.001   0.099   0.088   0.046
1877.625   0.251   0.101   0.092   0.043
1877.708   0.108   0.106   0.096   0.043
1877.792   0.123   0.110   0.101   0.044
1877.875   0.090   0.112   0.104   0.042
1877.958  -0.142   0.116   0.105   0.048
1878.042  -0.101   0.114   0.104   0.048
1878.125   0.220   0.110   0.100   0.046
1878.208   0.277   0.106   0.095   0.047
1878.292   0.178   0.100   0.090   0.044
1878.375  -0.147   0.097   0.086   0.044
1878.458   0.042   0.097   0.085   0.047
1878.542  -0.001   0.098   0.086   0.047
1878.625   0.020   0.100   0.090   0.044
1878.708   0.066   0.104   0.094   0.043
1878.792  -0.070   0.108   0.098   0.044
1878.875  -0.136   0.110   0.101   0.043
1878.958  -0.324   0.112   0.101   0.047
1879.042  -0.177   0.109   0.099   0.046
1879.125  -0.273   0.106   0.096   0.046
1879.208  -0.139   0.102   0.091   0.046
1879.292  -0.389   0.096   0.086   0.042
1879.375  -0.307   0.093   0.083   0.043
1879.458  -0.298   0.094   0.082   0.047
1879.542  -0.224   0.095   0.084   0.044
1879.625  -0.175   0.098   0.088   0.042
1879.708  -0.229   0.102   0.092   0.043
1879.792  -0.103   0.105   0.096   0.043
1879.875  -0.294   0.107   0.098   0.041
1879.958  -0.542   0.109   0.098   0.047
1880.042  -0.419   0.107   0.096   0.046
1880.125  -0.388   0.103   0.092   0.046
1880.208  -0.179   0.098   0.087   0.045
1880.292  -0.290   0.093   0.083   0.042
1880.375  -0.238   0.091   0.080   0.044
1880.458  -0.289   0.092   0.080   0.046
1880.542  -0.279   0.094   0.082   0.046
1880.625  -0.128   0.096   0.086   0.043
1880.708  -0.300   0.100   0.091   0.043
1880.792  -0.396   0.104   0.094   0.043
1880.875  -0.245   0.105   0.096   0.042
1880.958  -0.336   0.106   0.096   0.046
1881.042  -0.231   0.105   0.094   0.048
1881.125  -0.230   0.101   0.090   0.046
1881.208  -0.217   0.097   0.085   0.046
1881.292  -0.075   0.092   0.081   0.043
1881.375  -0.114   0.091   0.078   0.046
1881.458  -0.388   0.091   0.079   0.046
1881.542  -0.230   0.093   0.081   0.045
1881.625  -0.127   0.095   0.085   0.043
1881.708  -0.273   0.099   0.089   0.042
1881.792  -0.263   0.102   0.093   0.042
1881.875  -0.380   0.103   0.094   0.041
1881.958  -0.232   0.105   0.094   0.046
1882.042   0.032   0.103   0.092   0.048
1882.125  -0.042   0.099   0.088   0.045
1882.208  -0.150   0.095   0.083   0.046
1882.292  -0.365   0.091   0.079   0.044
1882.375  -0.405   0.090   0.077   0.045
1882.458  -0.398   0.090   0.078   0.045
1882.542  -0.303   0.093   0.080   0.047
1882.625  -0.193   0.095   0.084   0.043
1882.708  -0.156   0.099   0.089   0.043
1882.792  -0.404   0.101   0.092   0.043
1882.875  -0.401   0.102   0.093   0.042
1882.958  -0.678   0.104   0.093   0.046
1883.042  -0.494   0.101   0.090   0.046
1883.125  -0.460   0.098   0.086   0.046
1883.208  -0.232   0.094   0.082   0.046
1883.292  -0.418   0.090   0.078   0.044
1883.375  -0.297   0.090   0.077   0.046
1883.458  -0.206   0.090   0.077   0.046
1883.542  -0.261   0.094   0.080   0.048
1883.625  -0.284   0.095   0.084   0.043
1883.708  -0.304   0.098   0.088   0.043
1883.792  -0.332   0.101   0.091   0.043
1883.875  -0.466   0.101   0.092   0.042
1883.958  -0.355   0.103   0.091   0.048
1884.042  -0.382   0.100   0.089   0.045
1884.125  -0.265   0.097   0.085   0.046
1884.208  -0.572   0.093   0.081   0.045
1884.292  -0.640   0.089   0.078   0.043
1884.375  -0.574   0.089   0.077   0.045
1884.458  -0.519   0.089   0.077   0.044
1884.542  -0.572   0.092   0.080   0.045
1884.625  -0.454   0.094   0.084   0.042
1884.708  -0.489   0.097   0.088   0.042
1884.792  -0.457   0.100   0.090   0.042
1884.875  -0.642   0.100   0.091   0.041
1884.958  -0.487   0.102   0.091   0.047
1885.042  -0.698   0.099   0.088   0.045
1885.125  -0.490   0.096   0.084   0.046
1885.208  -0.501   0.093   0.081   0.046
1885.292  -0.646   0.089   0.078   0.044
1885.375  -0.616   0.089   0.076   0.045
1885.458  -0.648   0.089   0.077   0.044
1885.542  -0.395   0.092   0.080   0.046
1885.625  -0.451   0.094   0.084   0.042
1885.708  -0.360   0.097   0.088   0.041
1885.792  -0.333   0.099   0.090   0.042
1885.875  -0.448   0.101   0.091   0.043
1885.958  -0.223   0.102   0.090   0.048
1886.042  -0.574   0.099   0.087   0.045
1886.125  -0.622   0.096   0.084   0.046
1886.208  -0.572   0.092   0.080   0.045
1886.292  -0.476   0.089   0.077   0.043
1886.375  -0.303   0.089   0.076   0.045
1886.458  -0.508   0.090   0.077   0.045
1886.542  -0.305   0.093   0.080   0.047
1886.625  -0.344   0.094   0.084   0.043
1886.708  -0.417   0.097   0.087   0.043
1886.792  -0.386   0.100   0.090   0.044
1886.875  -0.519   0.100   0.091   0.043
1886.958  -0.426   0.101   0.090   0.047
1887.042  -0.859   0.098   0.087   0.045
1887.125  -0.746   0.095   0.083   0.046
1887.208  -0.490   0.091   0.080   0.044
1887.292  -0.398   0.088   0.077   0.043
1887.375  -0.497   0.088   0.076   0.045
1887.458  -0.438   0.090   0.077   0.046
1887.542  -0.369   0.092   0.080   0.045
1887.625  -0.472   0.094   0.084   0.041
1887.708  -0.353   0.097   0.088   0.042
1887.792  -0.416   0.100   0.090   0.043
1887.875  -0.430   0.100   0.091   0.042
1887.958  -0.450   0.100   0.089   0.045
1888.042  -0.502   0.098   0.087   0.045
1888.125  -0.542   0.094   0.083   0.044
1888.208  -0.565   0.091   0.079   0.045
1888.292  -0.393   0.088   0.077   0.044
1888.375  -0.392   0.088   0.076   0.045
1888.458  -0.326   0.089   0.077   0.044
1888.542  -0.292   0.093   0.080   0.046
1888.625  -0.238   0.094   0.084   0.041
1888.708  -0.297   0.097   0.088   0.043
1888.792  -0.071   0.099   0.090   0.042
1888.875  -0.217   0.100   0.091   0.043
1888.958  -0.249   0.101   0.089   0.047
1889.042  -0.205   0.098   0.086   0.046
1889.125   0.073   0.094   0.083   0.044
1889.208  -0.099   0.091   0.079   0.045
1889.292  -0.035   0.088   0.076   0.044
1889.375  -0.172   0.088   0.076   0.045
1889.458  -0.143   0.089   0.077   0.044
1889.542  -0.166   0.093   0.080   0.047
1889.625  -0.248   0.094   0.084   0.042
1889.708  -0.355   0.098   0.088   0.043
1889.792  -0.283   0.100   0.090   0.043
1889.875  -0.441   0.100   0.091   0.043
1889.958  -0.411   0.101   0.089   0.046
1890.042  -0.517   0.098   0.086   0.047
1890.125  -0.450   0.095   0.082   0.046
1890.208  -0.588   0.091   0.079   0.045
1890.292  -0.397   0.088   0.076   0.044
1890.375  -0.491   0.089   0.075   0.047
1890.458  -0.398   0.089   0.077   0.045
1890.542  -0.448   0.093   0.080   0.048
1890.625  -0.408   0.095   0.084   0.043
1890.708  -0.380   0.098   0.088   0.043
1890.792  -0.356   0.101   0.090   0.045
1890.875  -0.628   0.101   0.091   0.044
1890.958  -0.401   0.100   0.089   0.046
1891.042  -0.561   0.098   0.086   0.046
1891.125  -0.557   0.094   0.082   0.045
1891.208  -0.266   0.090   0.079   0.045
1891.292  -0.447   0.088   0.076   0.044
1891.375  -0.251   0.089   0.075   0.046
1891.458  -0.326   0.090   0.077   0.046
1891.542  -0.325   0.094   0.080   0.048
1891.625  -0.316   0.095   0.084   0.044
1891.708  -0.215   0.098   0.088   0.045
1891.792  -0.329   0.101   0.090   0.046
1891.875  -0.519   0.101   0.090   0.045
1891.958  -0.255   0.101   0.089   0.047
1892.042  -0.415   0.098   0.086   0.046
1892.125  -0.192   0.094   0.082   0.046
1892.208  -0.548   0.091   0.078   0.047
1892.292  -0.563   0.088   0.076   0.044
1892.375  -0.458   0.089   0.075   0.047
1892.458  -0.432   0.090   0.077   0.046
1892.542  -0.554   0.094   0.080   0.048
1892.625  -0.489   0.095   0.084   0.044
1892.708  -0.281   0.098   0.088   0.044
1892.792  -0.335   0.101   0.090   0.046
1892.875  -0.635   0.101   0.090   0.045
1892.958  -0.724   0.100   0.088   0.047
1893.042  -0.919   0.097   0.085   0.046
1893.125  -0.690   0.093   0.081   0.045
1893.208  -0.372   0.090   0.078   0.046
1893.292  -0.487   0.088   0.075   0.045
1893.375  -0.482   0.089   0.075   0.047
1893.458  -0.381   0.090   0.077   0.046
1893.542  -0.181   0.093   0.080   0.047
1893.625  -0.247   0.095   0.084   0.044
1893.708  -0.391   0.098   0.087   0.044
1893.792  -0.264   0.100   0.089   0.045
1893.875  -0.364   0.100   0.089   0.045
1893.958  -0.473   0.099   0.088   0.046
1894.042  -0.580   0.097   0.085   0.047
1894.125  -0.410   0.093   0.081   0.046
1894.208  -0.426   0.090   0.077   0.047
1894.292  -0.486   0.087   0.075   0.044
1894.375  -0.457   0.088   0.075   0.046
1894.458  -0.493   0.089   0.077   0.045
1894.542  -0.249   0.093   0.080   0.048
1894.625  -0.330   0.094   0.084   0.043
1894.708  -0.356   0.097   0.087   0.044
1894.792  -0.283   0.100   0.088   0.046
1894.875  -0.374   0.100   0.088   0.046
1894.958  -0.466   0.098   0.087   0.046
1895.042  -0.498   0.096   0.084   0.048
1895.125  -0.582   0.092   0.080   0.047
1895.208  -0.580   0.089   0.076   0.046
1895.292  -0.381   0.087   0.074   0.045
1895.375  -0.455   0.088   0.074   0.047
1895.458  -0.343   0.089   0.076   0.046
1895.542  -0.283   0.092   0.079   0.047
1895.625  -0.268   0.094   0.083   0.043
1895.708  -0.281   0.096   0.086   0.043
1895.792  -0.299   0.098   0.087   0.044
1895.875  -0.232   0.098   0.087   0.044
1895.958  -0.324   0.096   0.085   0.045
1896.042  -0.285   0.094   0.082   0.046
1896.125  -0.261   0.091   0.078   0.047
1896.208  -0.456   0.088   0.075   0.046
1896.292  -0.458   0.085   0.073   0.044
1896.375  -0.308   0.087   0.074   0.047
1896.458  -0.165   0.089   0.076   0.046
1896.542  -0.084   0.092   0.079   0.046
1896.625  -0.098   0.093   0.082   0.043
1896.708  -0.080   0.096   0.085   0.044
1896.792  -0.091   0.097   0.086   0.045
1896.875  -0.226   0.097   0.086   0.046
1896.958  -0.002   0.095   0.084   0.045
1897.042  -0.245   0.093   0.081   0.046
1897.125  -0.268   0.090   0.077   0.046
1897.208  -0.271   0.088   0.074   0.047
1897.292  -0.087   0.085   0.072   0.044
1897.375  -0.068   0.086   0.073   0.046
1897.458  -0.152   0.088   0.075   0.046
1897.542  -0.172   0.091   0.078   0.047
1897.625  -0.175   0.092   0.082   0.043
1897.708  -0.195   0.095   0.084   0.044
1897.792  -0.241   0.096   0.085   0.045
1897.875  -0.367   0.096   0.084   0.046
1897.958  -0.371   0.094   0.082   0.045
1898.042  -0.219   0.092   0.079   0.047
1898.125  -0.508   0.089   0.075   0.048
1898.208  -0.724   0.086   0.072   0.047
1898.292  -0.503   0.084   0.071   0.045
1898.375  -0.551   0.086   0.072   0.048
1898.458  -0.308   0.088   0.074   0.047
1898.542  -0.350   0.091   0.078   0.048
1898.625  -0.340   0.092   0.081   0.044
1898.708  -0.366   0.094   0.083   0.045
1898.792  -0.509   0.096   0.084   0.047
1898.875  -0.476   0.095   0.083   0.046
1898.958  -0.472   0.093   0.080   0.048
1899.042  -0.314   0.090   0.077   0.046
1899.125  -0.486   0.087   0.074   0.046
1899.208  -0.556   0.085   0.071   0.047
1899.292  -0.357   0.083   0.070   0.045
1899.375  -0.289   0.085   0.071   0.047
1899.458  -0.449   0.087   0.074   0.047
1899.542  -0.286   0.090   0.077   0.048
1899.625  -0.127   0.091   0.080   0.044
1899.708  -0.123   0.093   0.082   0.046
1899.792  -0.164   0.094   0.082   0.046
1899.875  -0.022   0.094   0.081   0.047
1899.958  -0.397   0.093   0.078   0.049
1900.042  -0.456   0.087   0.075   0.045
1900.125  -0.083   0.085   0.072   0.046
1900.208  -0.158   0.084   0.070   0.046
1900.292  -0.174   0.082   0.069   0.045
1900.375  -0.226   0.084   0.070   0.046
1900.458  -0.137   0.086   0.073   0.046
1900.542  -0.146   0.089   0.076   0.047
1900.625  -0.186   0.089   0.079   0.042
1900.708  -0.181   0.092   0.080   0.044
1900.792  -0.020   0.092   0.081   0.045
1900.875  -0.243   0.091   0.079   0.045
1900.958  -0.204   0.090   0.077   0.047
1901.042  -0.303   0.087   0.074   0.047
1901.125  -0.175   0.085   0.071   0.048
1901.208  -0.169   0.084   0.069   0.049
1901.292  -0.117   0.082   0.068   0.046
1901.375  -0.164   0.086   0.070   0.050
1901.458  -0.153   0.087   0.072   0.048
1901.542  -0.228   0.090   0.075   0.049
1901.625  -0.166   0.090   0.078   0.045
1901.708  -0.263   0.092   0.079   0.046
1901.792  -0.281   0.092   0.079   0.046
1901.875  -0.350   0.091   0.078   0.047
1901.958  -0.397   0.089   0.075   0.049
1902.042  -0.365   0.086   0.072   0.047
1902.125  -0.185   0.083   0.069   0.046
1902.208  -0.457   0.082   0.067   0.047
1902.292  -0.381   0.080   0.067   0.044
1902.375  -0.410   0.084   0.069   0.047
1902.458  -0.390   0.086   0.072   0.047
1902.542  -0.293   0.088   0.074   0.047
1902.625  -0.297   0.088   0.077   0.044
1902.708  -0.269   0.090   0.078   0.045
1902.792  -0.418   0.090   0.078   0.046
1902.875  -0.539   0.089   0.076   0.046
1902.958  -0.564   0.086   0.074   0.045
1903.042  -0.360   0.084   0.071   0.045
1903.125  -0.147   0.082   0.068   0.046
1903.208  -0.373   0.081   0.066   0.047
1903.292  -0.509   0.080   0.067   0.044
1903.375  -0.480   0.083   0.068   0.047
1903.458  -0.528   0.085   0.071   0.047
1903.542  -0.424   0.088   0.074   0.047
1903.625  -0.537   0.087   0.076   0.043
1903.708  -0.468   0.089   0.077   0.045
1903.792  -0.592   0.089   0.077   0.044
1903.875  -0.569   0.088   0.075   0.045
1903.958  -0.558   0.086   0.072   0.046
1904.042  -0.688   0.083   0.069   0.046
1904.125  -0.655   0.081   0.067   0.046
1904.208  -0.594   0.080   0.066   0.046
1904.292  -0.520   0.079   0.066   0.043
1904.375  -0.554   0.083   0.068   0.047
1904.458  -0.480   0.085   0.071   0.047
1904.542  -0.465   0.087   0.073   0.047
1904.625  -0.466   0.087   0.075   0.043
1904.708  -0.504   0.089   0.076   0.046
1904.792  -0.470   0.088   0.076   0.045
1904.875  -0.324   0.087   0.074   0.046
1904.958  -0.386   0.084   0.071   0.045
1905.042  -0.401   0.082   0.068   0.045
1905.125  -0.651   0.081   0.066   0.046
1905.208  -0.439   0.080   0.065   0.046
1905.292  -0.471   0.079   0.066   0.043
1905.375  -0.336   0.082   0.068   0.046
1905.458  -0.285   0.084   0.070   0.046
1905.542  -0.301   0.087   0.073   0.047
1905.625  -0.282   0.086   0.075   0.042
1905.708  -0.286   0.088   0.076   0.044
1905.792  -0.309   0.088   0.075   0.045
1905.875  -0.167   0.086   0.073   0.046
1905.958  -0.265   0.083   0.070   0.045
1906.042  -0.318   0.081   0.067   0.045
1906.125  -0.293   0.080   0.065   0.047
1906.208  -0.191   0.078   0.064   0.045
1906.292  -0.081   0.078   0.065   0.043
1906.375  -0.340   0.082   0.067   0.046
1906.458  -0.201   0.084   0.070   0.047
1906.542  -0.317   0.087   0.073   0.047
1906.625  -0.216   0.086   0.075   0.042
1906.708  -0.312   0.087   0.076   0.044
1906.792  -0.257   0.087   0.075   0.044
1906.875  -0.373   0.085   0.073   0.045
1906.958  -0.256   0.082   0.070   0.044
1907.042  -0.434   0.080   0.067   0.043
1907.125  -0.574   0.079   0.065   0.045
1907.208  -0.273   0.077   0.064   0.044
1907.292  -0.364   0.077   0.065   0.042
1907.375  -0.533   0.081   0.067   0.044
1907.458  -0.449   0.083   0.070   0.045
1907.542  -0.345   0.086   0.073   0.045
1907.625  -0.443   0.085   0.075   0.040
1907.708  -0.380   0.087   0.075   0.043
1907.792  -0.251   0.086   0.075   0.043
1907.875  -0.506   0.085   0.072   0.044
1907.958  -0.550   0.082   0.070   0.044
1908.042  -0.434   0.079   0.067   0.043
1908.125  -0.348   0.079   0.064   0.046
1908.208  -0.695   0.078   0.064   0.045
1908.292  -0.545   0.078   0.065   0.043
1908.375  -0.356   0.081   0.067   0.044
1908.458  -0.384   0.084   0.070   0.045
1908.542  -0.365   0.086   0.073   0.046
1908.625  -0.469   0.085   0.075   0.041
1908.708  -0.336   0.087   0.076   0.043
1908.792  -0.474   0.086   0.075   0.042
1908.875  -0.583   0.084   0.072   0.043
1908.958  -0.565   0.081   0.069   0.043
1909.042  -0.714   0.079   0.066   0.043
1909.125  -0.489   0.079   0.064   0.045
1909.208  -0.715   0.077   0.064   0.043
1909.292  -0.601   0.077   0.065   0.042
1909.375  -0.530   0.081   0.067   0.045
1909.458  -0.497   0.083   0.071   0.044
1909.542  -0.513   0.087   0.073   0.046
1909.625  -0.275   0.085   0.075   0.039
1909.708  -0.428   0.087   0.076   0.042
1909.792  -0.460   0.086   0.075   0.042
1909.875  -0.403   0.084   0.072   0.043
1909.958  -0.578   0.081   0.069   0.042
1910.042  -0.435   0.079   0.066   0.042
1910.125  -0.493   0.078   0.064   0.045
1910.208  -0.620   0.076   0.064   0.042
1910.292  -0.519   0.077   0.065   0.041
1910.375  -0.423   0.081   0.068   0.045
1910.458  -0.427   0.083   0.071   0.044
1910.542  -0.446   0.086   0.074   0.045
1910.625  -0.351   0.086   0.076   0.041
1910.708  -0.416   0.086   0.076   0.041
1910.792  -0.359   0.086   0.075   0.042
1910.875  -0.654   0.085   0.072   0.044
1910.958  -0.758   0.081   0.069   0.042
1911.042  -0.637   0.078   0.066   0.042
1911.125  -0.665   0.077   0.064   0.043
1911.208  -0.700   0.076   0.064   0.042
1911.292  -0.616   0.077   0.065   0.041
1911.375  -0.598   0.080   0.068   0.042
1911.458  -0.521   0.083   0.071   0.042
1911.542  -0.476   0.086   0.074   0.044
1911.625  -0.439   0.085   0.076   0.039
1911.708  -0.482   0.087   0.076   0.041
1911.792  -0.341   0.085   0.075   0.041
1911.875  -0.328   0.084   0.072   0.042
1911.958  -0.337   0.081   0.069   0.042
1912.042  -0.315   0.078   0.066   0.042
1912.125  -0.295   0.078   0.064   0.044
1912.208  -0.497   0.076   0.064   0.041
1912.292  -0.270   0.076   0.065   0.040
1912.375  -0.306   0.080   0.068   0.042
1912.458  -0.267   0.083   0.071   0.043
1912.542  -0.477   0.086   0.074   0.043
1912.625  -0.568   0.086   0.076   0.039
1912.708  -0.590   0.087   0.076   0.041
1912.792  -0.662   0.085   0.075   0.041
1912.875  -0.484   0.084   0.072   0.043
1912.958  -0.543   0.080   0.069   0.041
1913.042  -0.523   0.078   0.066   0.041
1913.125  -0.501   0.077   0.064   0.043
1913.208  -0.517   0.076   0.064   0.041
1913.292  -0.347   0.077   0.065   0.040
1913.375  -0.453   0.080   0.068   0.043
1913.458  -0.513   0.083   0.071   0.043
1913.542  -0.442   0.086   0.074   0.043
1913.625  -0.364   0.085   0.076   0.039
1913.708  -0.401   0.087   0.076   0.041
1913.792  -0.361   0.086   0.075   0.041
1913.875  -0.282   0.084   0.072   0.043
1913.958  -0.133   0.081   0.069   0.041
1914.042  -0.053   0.077   0.066   0.040
1914.125  -0.205   0.076   0.064   0.042
1914.208  -0.398   0.075   0.064   0.040
1914.292  -0.356   0.076   0.065   0.039
1914.375  -0.247   0.080   0.068   0.042
1914.458  -0.263   0.083   0.072   0.043
1914.542  -0.340   0.085   0.074   0.042
1914.625  -0.148   0.085   0.076   0.037
1914.708  -0.227   0.086   0.076   0.040
1914.792  -0.131   0.085   0.075   0.041
1914.875  -0.237   0.084   0.072   0.043
1914.958  -0.141   0.080   0.069   0.041
1915.042  -0.256   0.078   0.066   0.041
1915.125  -0.158   0.077   0.064   0.043
1915.208  -0.144   0.075   0.064   0.040
1915.292  -0.043   0.076   0.065   0.039
1915.375  -0.047   0.080   0.068   0.042
1915.458  -0.187   0.083   0.072   0.042
1915.542  -0.176   0.086   0.075   0.042
1915.625  -0.029   0.086   0.076   0.039
1915.708  -0.140   0.086   0.076   0.040
1915.792  -0.318   0.085   0.075   0.041
1915.875  -0.169   0.083   0.072   0.042
1915.958  -0.293   0.079   0.069   0.040
1916.042  -0.304   0.077   0.066   0.041
1916.125  -0.193   0.077   0.064   0.044
1916.208  -0.378   0.076   0.063   0.042
1916.292  -0.311   0.076   0.065   0.040
1916.375  -0.326   0.080   0.068   0.043
1916.458  -0.404   0.084   0.072   0.044
1916.542  -0.351   0.086   0.075   0.044
1916.625  -0.314   0.086   0.076   0.039
1916.708  -0.337   0.086   0.076   0.040
1916.792  -0.442   0.086   0.075   0.042
1916.875  -0.622   0.084   0.072   0.043
1916.958  -0.799   0.080   0.068   0.042
1917.042  -0.745   0.078   0.065   0.042
1917.125  -0.704   0.078   0.063   0.045
1917.208  -0.723   0.075   0.063   0.041
1917.292  -0.471   0.076   0.065   0.039
1917.375  -0.562   0.080   0.068   0.042
1917.458  -0.432   0.083   0.072   0.042
1917.542  -0.222   0.087   0.075   0.044
1917.625  -0.247   0.085   0.076   0.038
1917.708  -0.212   0.086   0.076   0.039
1917.792  -0.448   0.085   0.075   0.042
1917.875  -0.473   0.084   0.072   0.045
1917.958  -0.752   0.080   0.068   0.043
1918.042  -0.524   0.077   0.065   0.042
1918.125  -0.547   0.078   0.063   0.046
1918.208  -0.474   0.076   0.063   0.042
1918.292  -0.553   0.076   0.065   0.040
1918.375  -0.421   0.080   0.068   0.043
1918.458  -0.395   0.083   0.071   0.042
1918.542  -0.384   0.087   0.074   0.045
1918.625  -0.324   0.085   0.076   0.039
1918.708  -0.184   0.086   0.076   0.042
1918.792  -0.137   0.085   0.074   0.042
1918.875  -0.101   0.084   0.071   0.045
1918.958  -0.334   0.080   0.068   0.043
1919.042  -0.248   0.077   0.064   0.042
1919.125  -0.175   0.077   0.062   0.045
1919.208  -0.338   0.075   0.062   0.041
1919.292  -0.157   0.076   0.064   0.040
1919.375  -0.270   0.079   0.068   0.041
1919.458  -0.294   0.082   0.071   0.041
1919.542  -0.333   0.086   0.074   0.043
1919.625  -0.317   0.084   0.075   0.037
1919.708  -0.249   0.085   0.075   0.041
1919.792  -0.233   0.084   0.073   0.042
1919.875  -0.526   0.082   0.070   0.042
1919.958  -0.508   0.077   0.067   0.039
1920.042  -0.266   0.076   0.064   0.042
1920.125  -0.473   0.076   0.062   0.044
1920.208  -0.158   0.074   0.062   0.040
1920.292  -0.248   0.076   0.064   0.041
1920.375  -0.253   0.079   0.067   0.042
1920.458  -0.213   0.082   0.070   0.042
1920.542  -0.242   0.085   0.073   0.043
1920.625  -0.229   0.084   0.075   0.039
1920.708  -0.163   0.084   0.074   0.039
1920.792  -0.236   0.084   0.073   0.041
1920.875  -0.265   0.081   0.070   0.042
1920.958  -0.432   0.077   0.066   0.040
1921.042  -0.198   0.075   0.063   0.041
1921.125  -0.210   0.074   0.061   0.042
1921.208  -0.347   0.074   0.061   0.041
1921.292  -0.267   0.074   0.063   0.038
1921.375  -0.298   0.078   0.066   0.041
1921.458  -0.119   0.081   0.070   0.041
1921.542  -0.176   0.083   0.072   0.041
1921.625  -0.284   0.083   0.074   0.037
1921.708  -0.122   0.083   0.074   0.038
1921.792  -0.106   0.082   0.072   0.040
1921.875  -0.141   0.080   0.069   0.042
1921.958  -0.196   0.077   0.065   0.040
1922.042  -0.365   0.073   0.062   0.039
1922.125  -0.375   0.073   0.060   0.041
1922.208  -0.279   0.073   0.061   0.040
1922.292  -0.155   0.073   0.063   0.038
1922.375  -0.393   0.077   0.066   0.040
1922.458  -0.263   0.080   0.069   0.040
1922.542  -0.184   0.083   0.072   0.042
1922.625  -0.330   0.082   0.073   0.037
1922.708  -0.306   0.082   0.073   0.038
1922.792  -0.355   0.082   0.071   0.041
1922.875  -0.268   0.079   0.068   0.041
1922.958  -0.266   0.076   0.064   0.041
1923.042  -0.394   0.074   0.061   0.041
1923.125  -0.440   0.073   0.060   0.043
1923.208  -0.461   0.073   0.060   0.041
1923.292  -0.367   0.073   0.062   0.038
1923.375  -0.351   0.076   0.065   0.039
1923.458  -0.186   0.079   0.068   0.040
1923.542  -0.348   0.082   0.071   0.041
1923.625  -0.327   0.081   0.072   0.037
1923.708  -0.301   0.081   0.072   0.038
1923.792  -0.146   0.081   0.070   0.041
1923.875   0.056   0.078   0.067   0.040
1923.958  -0.068   0.075   0.063   0.040
1924.042  -0.324   0.073   0.060   0.040
1924.125  -0.235   0.072   0.059   0.041
1924.208  -0.133   0.071   0.059   0.039
1924.292  -0.270   0.072   0.061   0.038
1924.375  -0.207   0.075   0.064   0.038
1924.458  -0.233   0.078   0.068   0.040
1924.542  -0.254   0.081   0.070   0.041
1924.625  -0.248   0.080   0.071   0.037
1924.708  -0.257   0.081   0.071   0.039
1924.792  -0.326   0.079   0.069   0.040
1924.875  -0.227   0.078   0.066   0.041
1924.958  -0.447   0.074   0.062   0.039
1925.042  -0.471   0.071   0.059   0.040
1925.125  -0.476   0.071   0.058   0.042
1925.208  -0.310   0.071   0.058   0.040
1925.292  -0.325   0.071   0.060   0.037
1925.375  -0.257   0.075   0.064   0.040
1925.458  -0.286   0.078   0.067   0.040
1925.542  -0.234   0.080   0.069   0.040
1925.625  -0.124   0.080   0.070   0.037
1925.708  -0.161   0.080   0.070   0.039
1925.792  -0.214   0.078   0.068   0.039
1925.875   0.003   0.077   0.065   0.042
1925.958   0.074   0.073   0.061   0.039
1926.042   0.152   0.071   0.058   0.040
1926.125  -0.065   0.070   0.057   0.041
1926.208   0.017   0.071   0.057   0.042
1926.292  -0.145   0.070   0.060   0.038
1926.375  -0.191   0.074   0.063   0.040
1926.458  -0.122   0.078   0.066   0.041
1926.542  -0.204   0.080   0.069   0.040
1926.625  -0.062   0.079   0.070   0.037
1926.708  -0.051   0.079   0.069   0.039
1926.792  -0.052   0.078   0.067   0.039
1926.875  -0.069   0.076   0.064   0.041
1926.958  -0.299   0.071   0.060   0.039
1927.042  -0.296   0.069   0.057   0.039
1927.125  -0.167   0.069   0.055   0.041
1927.208  -0.402   0.069   0.056   0.040
1927.292  -0.288   0.069   0.059   0.036
1927.375  -0.179   0.073   0.062   0.037
1927.458  -0.228   0.077   0.066   0.040
1927.542  -0.148   0.078   0.068   0.038
1927.625  -0.171   0.078   0.069   0.035
1927.708  -0.073   0.078   0.069   0.038
1927.792   0.055   0.076   0.066   0.038
1927.875  -0.089   0.075   0.063   0.041
1927.958  -0.363   0.071   0.059   0.039
1928.042   0.015   0.068   0.056   0.039
1928.125  -0.064   0.068   0.054   0.041
1928.208  -0.256   0.068   0.055   0.040
1928.292  -0.212   0.068   0.058   0.036
1928.375  -0.266   0.072   0.062   0.037
1928.458  -0.306   0.076   0.065   0.039
1928.542  -0.147   0.078   0.068   0.038
1928.625  -0.145   0.079   0.069   0.038
1928.708  -0.216   0.078   0.068   0.038
1928.792  -0.147   0.076   0.066   0.038
1928.875  -0.108   0.074   0.062   0.040
1928.958  -0.218   0.070   0.058   0.040
1929.042  -0.452   0.067   0.054   0.040
1929.125  -0.554   0.066   0.053   0.040
1929.208  -0.445   0.067   0.054   0.041
1929.292  -0.363   0.068   0.057   0.037
1929.375  -0.426   0.072   0.061   0.038
1929.458  -0.368   0.076   0.065   0.040
1929.542  -0.384   0.078   0.068   0.038
1929.625  -0.229   0.078   0.069   0.036
1929.708  -0.206   0.078   0.068   0.038
1929.792  -0.158   0.075   0.065   0.037
1929.875  -0.074   0.073   0.061   0.040
1929.958  -0.585   0.069   0.057   0.040
1930.042  -0.273   0.068   0.053   0.042
1930.125  -0.372   0.067   0.052   0.042
1930.208  -0.155   0.069   0.053   0.044
1930.292  -0.213   0.070   0.056   0.041
1930.375  -0.202   0.073   0.061   0.040
1930.458  -0.189   0.078   0.065   0.043
1930.542  -0.146   0.080   0.068   0.042
1930.625  -0.061   0.081   0.069   0.042
1930.708  -0.020   0.080   0.068   0.042
1930.792  -0.073   0.076   0.065   0.041
1930.875   0.164   0.075   0.060   0.044
1930.958  -0.043   0.071   0.056   0.045
1931.042  -0.114   0.067   0.052   0.042
1931.125  -0.215   0.066   0.050   0.042
1931.208  -0.129   0.068   0.052   0.044
1931.292  -0.176   0.068   0.056   0.040
1931.375  -0.205   0.073   0.060   0.040
1931.458  -0.015   0.077   0.065   0.042
1931.542   0.040   0.079   0.068   0.041
1931.625   0.012   0.081   0.069   0.043
1931.708  -0.020   0.079   0.068   0.041
1931.792   0.048   0.077   0.064   0.042
1931.875  -0.044   0.073   0.060   0.042
1931.958  -0.057   0.070   0.055   0.043
1932.042   0.092   0.066   0.051   0.042
1932.125  -0.164   0.065   0.050   0.042
1932.208  -0.191   0.067   0.051   0.043
1932.292   0.022   0.068   0.055   0.039
1932.375  -0.106   0.072   0.060   0.039
1932.458  -0.229   0.077   0.065   0.042
1932.542  -0.116   0.079   0.068   0.041
1932.625  -0.169   0.080   0.069   0.040
1932.708   0.031   0.079   0.068   0.041
1932.792  -0.097   0.075   0.064   0.040
1932.875  -0.275   0.073   0.059   0.042
1932.958  -0.247   0.069   0.054   0.042
1933.042  -0.281   0.064   0.050   0.041
1933.125  -0.272   0.062   0.049   0.039
1933.208  -0.353   0.065   0.050   0.040
1933.292  -0.242   0.066   0.055   0.037
1933.375  -0.238   0.071   0.060   0.038
1933.458  -0.346   0.076   0.065   0.039
1933.542  -0.212   0.078   0.068   0.038
1933.625  -0.136   0.079   0.069   0.039
1933.708  -0.256   0.078   0.067   0.039
1933.792  -0.224   0.074   0.064   0.038
1933.875  -0.314   0.071   0.059   0.040
1933.958  -0.496   0.067   0.053   0.041
1934.042  -0.305   0.062   0.049   0.038
1934.125  -0.110   0.061   0.048   0.038
1934.208  -0.416   0.064   0.050   0.040
1934.292  -0.300   0.066   0.054   0.037
1934.375  -0.131   0.070   0.060   0.036
1934.458  -0.078   0.075   0.065   0.039
1934.542  -0.100   0.077   0.068   0.037
1934.625  -0.101   0.079   0.069   0.038
1934.708  -0.109   0.077   0.067   0.037
1934.792  -0.025   0.075   0.063   0.040
1934.875   0.075   0.070   0.058   0.038
1934.958  -0.114   0.066   0.052   0.039
1935.042  -0.323   0.060   0.048   0.036
1935.125   0.074   0.060   0.047   0.038
1935.208  -0.155   0.061   0.049   0.037
1935.292  -0.269   0.065   0.053   0.037
1935.375  -0.195   0.069   0.059   0.035
1935.458  -0.173   0.075   0.064   0.038
1935.542  -0.127   0.077   0.068   0.036
1935.625  -0.160   0.078   0.069   0.037
1935.708  -0.154   0.076   0.067   0.035
1935.792  -0.046   0.072   0.063   0.036
1935.875  -0.325   0.069   0.058   0.037
1935.958  -0.242   0.064   0.052   0.038
1936.042  -0.367   0.058   0.047   0.034
1936.125  -0.310   0.058   0.046   0.036
1936.208  -0.330   0.061   0.048   0.038
1936.292  -0.175   0.063   0.053   0.035
1936.375  -0.170   0.068   0.059   0.035
1936.458  -0.131   0.073   0.064   0.036
1936.542  -0.016   0.076   0.067   0.036
1936.625  -0.034   0.077   0.068   0.036
1936.708  -0.101   0.075   0.067   0.035
1936.792   0.032   0.072   0.063   0.036
1936.875  -0.004   0.068   0.057   0.037
1936.958   0.011   0.064   0.051   0.039
1937.042  -0.077   0.059   0.046   0.036
1937.125   0.087   0.058   0.045   0.037
1937.208  -0.223   0.060   0.047   0.037
1937.292  -0.091   0.062   0.052   0.034
1937.375  -0.055   0.068   0.058   0.035
1937.458   0.031   0.073   0.063   0.036
1937.542   0.079   0.075   0.067   0.035
1937.625   0.075   0.077   0.068   0.036
1937.708   0.126   0.075   0.066   0.036
1937.792   0.186   0.072   0.063   0.035
1937.875   0.114   0.067   0.057   0.036
1937.958  -0.041   0.064   0.051   0.039
1938.042   0.073   0.057   0.046   0.033
1938.125   0.007   0.055   0.044   0.033
1938.208   0.024   0.058   0.046   0.036
1938.292   0.084   0.061   0.051   0.033
1938.375  -0.118   0.066   0.057   0.032
1938.458  -0.065   0.071   0.063   0.033
1938.542  -0.060   0.074   0.066   0.032
1938.625   0.025   0.075   0.068   0.033
1938.708   0.072   0.074   0.066   0.033
1938.792   0.209   0.071   0.062   0.033
1938.875   0.104   0.065   0.057   0.032
1938.958  -0.212   0.062   0.051   0.035
1939.042  -0.093   0.057   0.046   0.034
1939.125  -0.081   0.055   0.044   0.033
1939.208  -0.263   0.057   0.046   0.034
1939.292  -0.032   0.059   0.051   0.031
1939.375   0.049   0.064   0.057   0.030
1939.458   0.019   0.070   0.062   0.031
1939.542   0.041   0.072   0.066   0.030
1939.625   0.016   0.074   0.067   0.032
1939.708   0.029   0.072   0.066   0.028
1939.792  -0.161   0.069   0.062   0.029
1939.875   0.018   0.064   0.057   0.029
1939.958   0.321   0.057   0.051   0.026
1940.042   0.027   0.054   0.046   0.029
1940.125   0.068   0.051   0.043   0.027
1940.208  -0.103   0.052   0.045   0.026
1940.292   0.144   0.056   0.050   0.024
1940.375   0.009   0.062   0.056   0.026
1940.458   0.061   0.067   0.062   0.026
1940.542   0.170   0.071   0.066   0.028
1940.625   0.098   0.071   0.067   0.023
1940.708   0.150   0.070   0.066   0.024
1940.792   0.021   0.067   0.062   0.026
1940.875  -0.004   0.063   0.057   0.028
1940.958   0.193   0.057   0.051   0.027
1941.042  -0.030   0.050   0.046   0.021
1941.125   0.118   0.048   0.043   0.022
1941.208  -0.101   0.049   0.045   0.021
1941.292   0.057   0.053   0.050   0.019
1941.375   0.040   0.060   0.056   0.021
1941.458   0.101   0.064   0.061   0.020
1941.542   0.157   0.068   0.065   0.020
1941.625   0.021   0.069   0.067   0.017
1941.708  -0.139   0.069   0.066   0.020
1941.792   0.232   0.066   0.062   0.022
1941.875   0.014   0.061   0.057   0.022
1941.958   0.192   0.056   0.051   0.023
1942.042   0.269   0.052   0.046   0.024
1942.125  -0.056   0.051   0.043   0.026
1942.208  -0.032   0.051   0.045   0.025
1942.292  -0.062   0.055   0.049   0.024
1942.375   0.018   0.061   0.055   0.027
1942.458   0.043   0.065   0.061   0.023
1942.542  -0.033   0.070   0.065   0.024
1942.625  -0.080   0.071   0.067   0.024
1942.708  -0.049   0.070   0.066   0.024
1942.792  -0.048   0.068   0.063   0.027
1942.875  -0.009   0.062   0.057   0.025
1942.958   0.094   0.057   0.051   0.024
1943.042  -0.141   0.052   0.046   0.026
1943.125   0.040   0.050   0.043   0.025
1943.208  -0.111   0.051   0.044   0.025
1943.292   0.053   0.055   0.049   0.025
1943.375   0.037   0.061   0.055   0.026
1943.458  -0.019   0.066   0.061   0.024
1943.542  -0.045   0.070   0.065   0.024
1943.625   0.056   0.072   0.067   0.024
1943.708  -0.004   0.070   0.066   0.023
1943.792   0.271   0.068   0.063   0.025
1943.875   0.160   0.063   0.058   0.025
1943.958   0.174   0.058   0.051   0.026
1944.042   0.268   0.052   0.046   0.025
1944.125   0.165   0.050   0.043   0.026
1944.208   0.192   0.052   0.044   0.027
1944.292   0.096   0.056   0.049   0.027
1944.375   0.111   0.061   0.055   0.026
1944.458   0.087   0.066   0.061   0.025
1944.542   0.153   0.070   0.066   0.024
1944.625   0.200   0.072   0.068   0.026
1944.708   0.186   0.071   0.067   0.023
1944.792   0.205   0.068   0.063   0.026
1944.875   0.041   0.063   0.058   0.025
1944.958   0.059   0.058   0.051   0.027
1945.042   0.031   0.053   0.046   0.026
1945.125  -0.073   0.050   0.043   0.027
1945.208  -0.035   0.052   0.044   0.027
1945.292   0.098   0.056   0.049   0.028
1945.375  -0.071   0.061   0.055   0.027
1945.458  -0.023   0.066   0.062   0.024
1945.542  -0.066   0.071   0.066   0.027
1945.625   0.267   0.073   0.068   0.027
1945.708   0.069   0.072   0.067   0.025
1945.792   0.216   0.067   0.064   0.022
1945.875   0.008   0.061   0.058   0.020
1945.958  -0.196   0.055   0.051   0.021
1946.042   0.047   0.049   0.045   0.018
1946.125  -0.089   0.047   0.042   0.020
1946.208  -0.001   0.050   0.044   0.024
1946.292   0.103   0.054   0.049   0.024
1946.375  -0.068   0.061   0.055   0.024
1946.458  -0.246   0.067   0.062   0.025
1946.542  -0.017   0.072   0.066   0.027
1946.625  -0.140   0.072   0.068   0.024
1946.708  -0.038   0.072   0.067   0.025
1946.792   0.018   0.069   0.064   0.026
1946.875  -0.077   0.063   0.058   0.026
1946.958  -0.309   0.061   0.051   0.034
1947.042  -0.072   0.055   0.045   0.031
1947.125   0.017   0.051   0.042   0.029
1947.208   0.031   0.055   0.043   0.035
1947.292   0.069   0.057   0.048   0.030
1947.375  -0.006   0.063   0.055   0.030
1947.458  -0.022   0.068   0.062   0.029
1947.542   0.003   0.074   0.066   0.033
1947.625  -0.060   0.075   0.068   0.032
1947.708  -0.034   0.075   0.067   0.034
1947.792   0.104   0.072   0.063   0.035
1947.875   0.098   0.067   0.057   0.034
1947.958  -0.109   0.062   0.050   0.037
1948.042   0.060   0.053   0.044   0.030
1948.125  -0.167   0.050   0.041   0.030
1948.208  -0.219   0.056   0.042   0.036
1948.292  -0.083   0.058   0.048   0.032
1948.375   0.089   0.064   0.055   0.033
1948.458   0.066   0.069   0.062   0.031
1948.542  -0.100   0.074   0.066   0.033
1948.625  -0.005   0.075   0.068   0.032
1948.708  -0.067   0.074   0.067   0.033
1948.792   0.027   0.071   0.062   0.033
1948.875  -0.092   0.066   0.056   0.034
1948.958  -0.338   0.061   0.049   0.036
1949.042   0.049   0.049   0.042   0.025
1949.125  -0.199   0.046   0.040   0.024
1949.208  -0.117   0.051   0.042   0.029
1949.292  -0.070   0.053   0.047   0.025
1949.375  -0.095   0.060   0.055   0.025
1949.458  -0.247   0.065   0.061   0.023
1949.542  -0.176   0.071   0.065   0.027
1949.625  -0.107   0.071   0.067   0.025
1949.708  -0.142   0.069   0.066   0.023
1949.792  -0.049   0.066   0.061   0.024
1949.875  -0.082   0.059   0.055   0.023
1949.958  -0.154   0.055   0.047   0.028
1950.042  -0.280   0.047   0.041   0.022
1950.125  -0.338   0.045   0.038   0.024
1950.208  -0.220   0.048   0.040   0.027
1950.292  -0.230   0.052   0.047   0.023
1950.375  -0.131   0.059   0.054   0.025
1950.458  -0.062   0.065   0.060   0.025
1950.542  -0.024   0.070   0.064   0.028
1950.625  -0.179   0.070   0.066   0.024
1950.708  -0.183   0.068   0.064   0.023
1950.792  -0.156   0.064   0.059   0.025
1950.875  -0.343   0.058   0.053   0.024
1950.958  -0.269   0.054   0.045   0.029
1951.042  -0.371   0.045   0.039   0.023
1951.125  -0.437   0.043   0.037   0.023
1951.208  -0.249   0.046   0.039   0.025
1951.292  -0.109   0.050   0.045   0.022
1951.375   0.070   0.058   0.052   0.025
1951.458   0.110   0.062   0.058   0.020
1951.542   0.027   0.066   0.062   0.023
1951.625   0.202   0.068   0.063   0.024
1951.708   0.118   0.065   0.062   0.020
1951.792   0.143   0.062   0.057   0.025
1951.875  -0.016   0.055   0.050   0.021
1951.958   0.149   0.050   0.043   0.024
1952.042   0.152   0.043   0.037   0.022
1952.125   0.151   0.041   0.035   0.022
1952.208  -0.140   0.045   0.038   0.025
1952.292   0.053   0.049   0.044   0.023
1952.375   0.040   0.056   0.051   0.025
1952.458   0.056   0.061   0.056   0.023
1952.542   0.109   0.065   0.060   0.025
1952.625   0.087   0.065   0.061   0.022
1952.708   0.097   0.063   0.059   0.022
1952.792   0.014   0.058   0.054   0.022
1952.875  -0.066   0.052   0.048   0.022
1952.958  -0.013   0.047   0.041   0.024
1953.042   0.028   0.040   0.035   0.020
1953.125   0.167   0.040   0.033   0.021
1953.208   0.042   0.044   0.036   0.025
1953.292   0.264   0.047   0.042   0.022
1953.375   0.161   0.054   0.048   0.024
1953.458   0.218   0.058   0.054   0.022
1953.542   0.089   0.061   0.057   0.023
1953.625   0.115   0.062   0.058   0.023
1953.708   0.125   0.060   0.056   0.021
1953.792   0.088   0.055   0.051   0.021
1953.875  -0.019   0.049   0.045   0.019
1953.958   0.033   0.046   0.038   0.025
1954.042  -0.231   0.039   0.033   0.021
1954.125  -0.080   0.038   0.032   0.021
1954.208  -0.148   0.042   0.034   0.024
1954.292  -0.061   0.046   0.040   0.023
1954.375  -0.118   0.052   0.046   0.024
1954.458  -0.094   0.055   0.051   0.021
1954.542  -0.141   0.059   0.054   0.023
1954.625  -0.092   0.058   0.054   0.020
1954.708  -0.110   0.056   0.052   0.021
1954.792   0.043   0.052   0.048   0.020
1954.875   0.096   0.046   0.042   0.019
1954.958  -0.180   0.042   0.036   0.022
1955.042   0.134   0.037   0.031   0.020
1955.125  -0.199   0.037   0.030   0.021
1955.208  -0.361   0.038   0.033   0.020
1955.292  -0.182   0.043   0.038   0.021
1955.375  -0.233   0.049   0.043   0.022
1955.458  -0.126   0.052   0.048   0.020
1955.542  -0.149   0.054   0.050   0.019
1955.625   0.029   0.055   0.051   0.020
1955.708  -0.126   0.053   0.049   0.020
1955.792  -0.089   0.050   0.045   0.022
1955.875  -0.298   0.043   0.039   0.018
1955.958  -0.334   0.040   0.034   0.021
1956.042  -0.202   0.034   0.029   0.018
1956.125  -0.218   0.034   0.028   0.020
1956.208  -0.299   0.036   0.031   0.019
1956.292  -0.276   0.040   0.035   0.019
1956.375  -0.281   0.045   0.041   0.020
1956.458  -0.208   0.048   0.045   0.018
1956.542  -0.127   0.051   0.047   0.020
1956.625  -0.244   0.051   0.047   0.019
1956.708  -0.219   0.049   0.046   0.018
1956.792  -0.280   0.046   0.042   0.018
1956.875  -0.143   0.041   0.037   0.018
1956.958  -0.108   0.037   0.031   0.019
1957.042  -0.166   0.032   0.027   0.017
1957.125  -0.105   0.032   0.026   0.018
1957.208  -0.159   0.033   0.029   0.017
1957.292  -0.065   0.038   0.033   0.017
1957.375   0.089   0.042   0.038   0.018
1957.458   0.132   0.046   0.042   0.018
1957.542   0.016   0.049   0.044   0.020
1957.625   0.147   0.048   0.044   0.019
1957.708   0.078   0.046   0.043   0.018
1957.792   0.025   0.043   0.039   0.018
1957.875   0.035   0.039   0.034   0.018
1957.958   0.065   0.035   0.029   0.019
1958.042   0.283   0.031   0.026   0.018
1958.125   0.173   0.031   0.025   0.018
1958.208   0.041   0.032   0.027   0.017
1958.292  -0.035   0.036   0.031   0.017
1958.375   0.034   0.040   0.036   0.018
1958.458  -0.120   0.043   0.039   0.016
1958.542   0.036   0.046   0.042   0.020
1958.625  -0.049   0.045   0.042   0.017
1958.708  -0.058   0.044   0.040   0.017
1958.792   0.025   0.040   0.037   0.017
1958.875   0.023   0.036   0.032   0.017
1958.958  -0.016   0.033   0.027   0.018
1959.042   0.023   0.029   0.024   0.017
1959.125  -0.008   0.028   0.023   0.016
1959.208   0.037   0.031   0.025   0.018
1959.292   0.085   0.033   0.029   0.016
1959.375  -0.004   0.037   0.034   0.016
1959.458   0.075   0.041   0.037   0.017
1959.542   0.003   0.044   0.039   0.019
1959.625   0.038   0.043   0.040   0.017
1959.708  -0.070   0.041   0.038   0.016
1959.792  -0.005   0.038   0.035   0.016
1959.875  -0.110   0.034   0.030   0.016
1959.958  -0.072   0.031   0.026   0.018
1960.042  -0.056   0.027   0.022   0.016
1960.125   0.092   0.026   0.021   0.015
1960.208  -0.393   0.028   0.024   0.016
1960.292  -0.224   0.031   0.028   0.015
1960.375  -0.134   0.035   0.032   0.015
1960.458  -0.024   0.039   0.035   0.017
1960.542  -0.015   0.041   0.037   0.017
1960.625   0.055   0.041   0.038   0.017
1960.708   0.079   0.039   0.036   0.016
1960.792   0.047   0.036   0.033   0.015
1960.875  -0.141   0.033   0.029   0.015
1960.958   0.145   0.029   0.024   0.017
1961.042  -0.013   0.026   0.021   0.016
1961.125   0.138   0.025   0.020   0.015
1961.208   0.002   0.028   0.022   0.017
1961.292   0.116   0.030   0.026   0.015
1961.375   0.116   0.035   0.031   0.016
1961.458   0.109   0.038   0.034   0.016
1961.542   0.024   0.040   0.036   0.018
1961.625   0.035   0.039   0.036   0.016
1961.708   0.001   0.038   0.035   0.015
1961.792  -0.021   0.035   0.031   0.014
1961.875   0.016   0.031   0.027   0.014
1961.958  -0.188   0.028   0.023   0.016
1962.042  -0.006   0.024   0.020   0.014
1962.125   0.120   0.023   0.019   0.013
1962.208   0.068   0.027   0.021   0.016
1962.292   0.030   0.029   0.025   0.014
1962.375  -0.094   0.033   0.029   0.015
1962.458  -0.018   0.036   0.033   0.016
1962.542  -0.024   0.038   0.035   0.015
1962.625  -0.037   0.038   0.035   0.014
1962.708  -0.047   0.036   0.033   0.014
1962.792   0.022   0.033   0.030   0.013
1962.875   0.043   0.029   0.026   0.013
1962.958  -0.068   0.027   0.022   0.016
1963.042  -0.049   0.023   0.019   0.013
1963.125   0.108   0.022   0.018   0.013
1963.208  -0.249   0.025   0.020   0.014
1963.292  -0.107   0.028   0.024   0.014
1963.375  -0.069   0.032   0.028   0.014
1963.458  -0.012   0.035   0.032   0.015
1963.542   0.134   0.039   0.034   0.021
1963.625   0.208   0.039   0.034   0.020
1963.708   0.190   0.037   0.033   0.018
1963.792   0.141   0.035   0.030   0.019
1963.875   0.135   0.031   0.026   0.018
1963.958   0.006   0.030   0.022   0.021
1964.042  -0.137   0.024   0.019   0.016
1964.125  -0.150   0.023   0.018   0.015
1964.208  -0.328   0.027   0.020   0.018
1964.292  -0.364   0.029   0.024   0.016
1964.375  -0.277   0.032   0.028   0.016
1964.458  -0.071   0.035   0.031   0.017
1964.542  -0.129   0.037   0.033   0.017
1964.625  -0.268   0.037   0.033   0.016
1964.708  -0.352   0.035   0.032   0.015
1964.792  -0.245   0.034   0.029   0.016
1964.875  -0.253   0.030   0.026   0.015
1964.958  -0.300   0.028   0.022   0.017
1965.042  -0.099   0.024   0.018   0.015
1965.125  -0.216   0.023   0.018   0.014
1965.208  -0.185   0.026   0.020   0.017
1965.292  -0.245   0.028   0.023   0.015
1965.375  -0.146   0.032   0.027   0.016
1965.458  -0.160   0.035   0.031   0.016
1965.542  -0.195   0.037   0.033   0.018
1965.625  -0.081   0.037   0.033   0.016
1965.708  -0.180   0.036   0.032   0.016
1965.792  -0.035   0.033   0.029   0.016
1965.875  -0.073   0.030   0.026   0.016
1965.958  -0.079   0.027   0.022   0.016
1966.042  -0.184   0.024   0.019   0.014
1966.125  -0.084   0.023   0.018   0.014
1966.208  -0.105   0.026   0.020   0.016
1966.292  -0.114   0.027   0.023   0.014
1966.375  -0.163   0.031   0.027   0.015
1966.458   0.001   0.034   0.031   0.015
1966.542   0.076   0.036   0.033   0.016
1966.625  -0.038   0.036   0.033   0.015
1966.708  -0.023   0.035   0.032   0.014
1966.792  -0.141   0.033   0.029   0.014
1966.875  -0.050   0.029   0.026   0.014
1966.958  -0.061   0.026   0.022   0.015
1967.042  -0.155   0.023   0.019   0.013
1967.125  -0.280   0.022   0.018   0.013
1967.208  -0.022   0.024   0.020   0.014
1967.292  -0.063   0.027   0.024   0.013
1967.375   0.171   0.031   0.028   0.014
1967.458  -0.020   0.034   0.031   0.013
1967.542   0.044   0.037   0.033   0.017
1967.625  -0.020   0.036   0.033   0.013
1967.708  -0.067   0.034   0.032   0.013
1967.792   0.057   0.031   0.029   0.010
1967.875  -0.049   0.028   0.026   0.011
1967.958  -0.048   0.025   0.022   0.011
1968.042  -0.237   0.022   0.020   0.010
1968.125  -0.194   0.022   0.019   0.010
1968.208   0.090   0.024   0.021   0.011
1968.292  -0.097   0.027   0.024   0.011
1968.375  -0.165   0.030   0.028   0.012
1968.458  -0.055   0.033   0.031   0.011
1968.542  -0.132   0.035   0.033   0.011
1968.625  -0.070   0.035   0.033   0.011
1968.708  -0.195   0.034   0.032   0.012
1968.792   0.075   0.031   0.029   0.011
1968.875  -0.070   0.028   0.026   0.011
1968.958  -0.108   0.025   0.023   0.010
1969.042  -0.083   0.023   0.020   0.010
1969.125  -0.131   0.023   0.020   0.011
1969.208  -0.030   0.025   0.022   0.012
1969.292   0.112   0.028   0.025   0.011
1969.375   0.167   0.031   0.029   0.012
1969.458   0.076   0.034   0.031   0.012
1969.542  -0.067   0.035   0.033   0.012
1969.625   0.030   0.035   0.033   0.013
1969.708   0.048   0.034   0.032   0.011
1969.792   0.058   0.032   0.029   0.012
1969.875   0.109   0.029   0.026   0.012
1969.958   0.241   0.026   0.023   0.011
1970.042   0.087   0.023   0.021   0.010
1970.125   0.128   0.024   0.021   0.011
1970.208  -0.018   0.026   0.023   0.012
1970.292   0.010   0.029   0.026   0.011
1970.375  -0.071   0.032   0.030   0.012
1970.458  -0.010   0.034   0.032   0.012
1970.542  -0.054   0.036   0.033   0.012
1970.625  -0.136   0.035   0.033   0.012
1970.708   0.050   0.034   0.032   0.012
1970.792  -0.003   0.031   0.029   0.010
1970.875  -0.025   0.028   0.026   0.011
1970.958  -0.158   0.026   0.023   0.011
1971.042  -0.095   0.024   0.022   0.011
1971.125  -0.231   0.025   0.022   0.011
1971.208  -0.254   0.027   0.024   0.011
1971.292  -0.169   0.030   0.028   0.011
1971.375  -0.200   0.033   0.031   0.012
1971.458  -0.176   0.035   0.033   0.012
1971.542  -0.138   0.036   0.034   0.013
1971.625  -0.146   0.036   0.034   0.012
1971.708  -0.075   0.034   0.032   0.011
1971.792  -0.117   0.032   0.029   0.012
1971.875  -0.064   0.029   0.026   0.011
1971.958  -0.181   0.026   0.023   0.011
1972.042  -0.352   0.025   0.022   0.010
1972.125  -0.271   0.025   0.023   0.011
1972.208  -0.093   0.028   0.026   0.011
1972.292  -0.088   0.031   0.029   0.011
1972.375  -0.087   0.034   0.032   0.012
1972.458   0.012   0.036   0.034   0.011
1972.542  -0.050   0.037   0.035   0.011
1972.625   0.080   0.036   0.034   0.010
1972.708  -0.038   0.034   0.032   0.010
1972.792  -0.019   0.031   0.030   0.010
1972.875  -0.031   0.028   0.026   0.010
1972.958   0.110   0.026   0.024   0.010
1973.042   0.105   0.025   0.023   0.009
1973.125   0.194   0.026   0.024   0.010
1973.208   0.127   0.029   0.027   0.010
1973.292   0.181   0.031   0.030   0.009
1973.375   0.147   0.035   0.033   0.010
1973.458   0.118   0.037   0.035   0.010
1973.542   0.021   0.037   0.036   0.010
1973.625  -0.012   0.036   0.035   0.010
1973.708  -0.029   0.034   0.033   0.009
1973.792   0.007   0.031   0.030   0.009
1973.875  -0.034   0.028   0.027   0.009
1973.958  -0.124   0.026   0.024   0.009
1974.042  -0.336   0.025   0.023   0.008
1974.125  -0.455   0.027   0.025   0.009
1974.208  -0.243   0.030   0.028   0.010
1974.292  -0.203   0.033   0.031   0.009
1974.375  -0.166   0.036   0.034   0.010
1974.458  -0.080   0.038   0.036   0.010
1974.542  -0.128   0.038   0.037   0.009
1974.625   0.070   0.037   0.036   0.010
1974.708  -0.096   0.035   0.034   0.009
1974.792  -0.140   0.032   0.031   0.009
1974.875  -0.134   0.029   0.027   0.010
1974.958  -0.226   0.026   0.025   0.009
1975.042  -0.116   0.025   0.024   0.008
1975.125  -0.027   0.027   0.026   0.009
1975.208  -0.017   0.030   0.029   0.010
1975.292  -0.045   0.033   0.032   0.008
1975.375   0.026   0.037   0.035   0.009
1975.458  -0.054   0.039   0.037   0.009
1975.542  -0.119   0.039   0.038   0.009
1975.625  -0.254   0.038   0.037   0.009
1975.708  -0.137   0.036   0.034   0.009
1975.792  -0.138   0.032   0.031   0.008
1975.875  -0.304   0.029   0.027   0.008
1975.958  -0.284   0.026   0.025   0.008
1976.042  -0.202   0.025   0.024   0.008
1976.125  -0.289   0.027   0.026   0.009
1976.208  -0.388   0.031   0.029   0.009
1976.292  -0.211   0.034   0.033   0.009
1976.375  -0.400   0.037   0.036   0.009
1976.458  -0.278   0.040   0.038   0.010
1976.542  -0.124   0.040   0.039   0.009
1976.625  -0.239   0.039   0.038   0.010
1976.708  -0.147   0.036   0.035   0.009
1976.792  -0.290   0.033   0.032   0.009
1976.875  -0.177   0.029   0.028   0.008
1976.958  -0.050   0.026   0.025   0.008
1977.042   0.098   0.026   0.024   0.009
1977.125   0.078   0.028   0.026   0.009
1977.208   0.034   0.031   0.030   0.009
1977.292   0.086   0.035   0.033   0.009
1977.375   0.148   0.038   0.037   0.009
1977.458   0.169   0.040   0.039   0.010
1977.542   0.107   0.040   0.039   0.009
1977.625   0.093   0.040   0.038   0.010
1977.708  -0.038   0.037   0.036   0.010
1977.792  -0.058   0.033   0.032   0.009
1977.875   0.085   0.029   0.028   0.008
1977.958  -0.095   0.026   0.025   0.007
1978.042  -0.032   0.026   0.024   0.010
1978.125   0.009   0.028   0.026   0.010
1978.208   0.022   0.031   0.029   0.011
1978.292   0.020   0.035   0.033   0.009
1978.375  -0.034   0.038   0.037   0.010
1978.458  -0.149   0.040   0.039   0.010
1978.542  -0.058   0.041   0.040   0.010
1978.625  -0.288   0.040   0.038   0.011
1978.708  -0.023   0.037   0.036   0.010
1978.792  -0.123   0.033   0.032   0.010
1978.875   0.080   0.029   0.028   0.009
1978.958  -0.054   0.026   0.025   0.010
1979.042   0.000   0.026   0.024   0.010
1979.125  -0.233   0.027   0.025   0.010
1979.208   0.006   0.031   0.029   0.012
1979.292   0.025   0.035   0.033   0.011
1979.375  -0.112   0.038   0.037   0.010
1979.458  -0.006   0.040   0.039   0.011
1979.542  -0.050   0.041   0.039   0.011
1979.625   0.047   0.040   0.038   0.012
1979.708   0.096   0.037   0.035   0.011
1979.792   0.107   0.033   0.032   0.010
1979.875   0.160   0.029   0.027   0.010
1979.958   0.328   0.026   0.024   0.009
1980.042   0.171   0.025   0.023   0.009
1980.125   0.304   0.027   0.025   0.011
1980.208   0.174   0.030   0.028   0.010
1980.292   0.199   0.034   0.032   0.010
1980.375   0.181   0.037   0.036   0.010
1980.458   0.056   0.040   0.038   0.010
1980.542   0.166   0.040   0.039   0.010
1980.625   0.114   0.039   0.038   0.011
1980.708   0.086   0.036   0.035   0.009
1980.792   0.039   0.033   0.031   0.010
1980.875   0.163   0.028   0.027   0.008
1980.958   0.028   0.025   0.024   0.009
1981.042   0.392   0.024   0.022   0.010
1981.125   0.233   0.026   0.024   0.011
1981.208   0.263   0.029   0.028   0.010
1981.292   0.085   0.033   0.032   0.010
1981.375   0.077   0.037   0.035   0.010
1981.458   0.207   0.039   0.038   0.011
1981.542   0.227   0.039   0.038   0.010
1981.625   0.236   0.039   0.037   0.011
1981.708   0.111   0.036   0.035   0.010
1981.792   0.015   0.032   0.031   0.010
1981.875   0.094   0.028   0.027   0.009
1981.958   0.295   0.025   0.023   0.010
1982.042  -0.055   0.025   0.022   0.012
1982.125   0.015   0.026   0.023   0.012
1982.208  -0.197   0.029   0.027   0.011
1982.292  -0.050   0.033   0.031   0.011
1982.375   0.001   0.036   0.034   0.012
1982.458  -0.077   0.039   0.037   0.013
1982.542   0.014   0.040   0.037   0.013
1982.625  -0.058   0.039   0.037   0.013
1982.708   0.010   0.036   0.034   0.012
1982.792   0.046   0.033   0.030   0.012
1982.875   0.004   0.028   0.026   0.011
1982.958   0.241   0.025   0.023   0.012
1983.042   0.348   0.024   0.021   0.012
1983.125   0.260   0.026   0.022   0.012
1983.208   0.188   0.029   0.026   0.012
1983.292   0.116   0.032   0.030   0.012
1983.375   0.191   0.036   0.034   0.012
1983.458   0.111   0.038   0.036   0.012
1983.542   0.079   0.039   0.037   0.012
1983.625   0.238   0.038   0.036   0.013
1983.708   0.269   0.036   0.034   0.012
1983.792   0.049   0.032   0.030   0.011
1983.875   0.201   0.028   0.026   0.011
1983.958   0.077   0.025   0.022   0.011
1984.042   0.117   0.024   0.021   0.012
1984.125  -0.044   0.025   0.022   0.012
1984.208   0.090   0.028   0.025   0.013
1984.292  -0.036   0.032   0.030   0.012
1984.375   0.187   0.035   0.033   0.011
1984.458  -0.058   0.038   0.036   0.012
1984.542  -0.043   0.038   0.037   0.011
1984.625   0.072   0.038   0.036   0.013
1984.708   0.117   0.036   0.034   0.012
1984.792  -0.024   0.032   0.030   0.011
1984.875  -0.077   0.028   0.026   0.011
1984.958  -0.203   0.025   0.022   0.012
1985.042   0.100   0.024   0.021   0.012
1985.125  -0.121   0.025   0.022   0.012
1985.208   0.002   0.028   0.025   0.012
1985.292  -0.059   0.032   0.029   0.012
1985.375  -0.022   0.035   0.033   0.011
1985.458   0.025   0.037   0.036   0.011
1985.542  -0.107   0.039   0.037   0.011
1985.625   0.079   0.038   0.036   0.012
1985.708   0.032   0.036   0.034   0.011
1985.792   0.005   0.033   0.031   0.011
1985.875  -0.040   0.029   0.027   0.011
1985.958   0.017   0.026   0.023   0.012
1986.042   0.081   0.024   0.021   0.012
1986.125   0.240   0.025   0.022   0.013
1986.208   0.068   0.029   0.025   0.014
1986.292   0.080   0.032   0.029   0.014
1986.375   0.052   0.035   0.033   0.012
1986.458  -0.029   0.038   0.036   0.012
1986.542  -0.015   0.040   0.038   0.013
1986.625   0.030   0.040   0.037   0.014
1986.708  -0.056   0.038   0.035   0.013
1986.792   0.036   0.034   0.032   0.012
1986.875  -0.015   0.030   0.027   0.012
1986.958  -0.028   0.027   0.023   0.014
1987.042   0.138   0.025   0.021   0.014
1987.125   0.233   0.026   0.022   0.014
1987.208   0.015   0.029   0.025   0.014
1987.292   0.070   0.033   0.030   0.014
1987.375   0.095   0.036   0.034   0.013
1987.458   0.181   0.039   0.037   0.013
1987.542   0.313   0.041   0.039   0.013
1987.625   0.161   0.041   0.038   0.014
1987.708   0.211   0.039   0.036   0.014
1987.792   0.183   0.035   0.033   0.013
1987.875   0.129   0.031   0.029   0.012
1987.958   0.298   0.028   0.024   0.014
1988.042   0.379   0.026   0.022   0.014
1988.125   0.260   0.026   0.022   0.013
1988.208   0.296   0.029   0.026   0.014
1988.292   0.247   0.033   0.030   0.013
1988.375   0.258   0.037   0.035   0.013
1988.458   0.270   0.040   0.038   0.012
1988.542   0.178   0.042   0.040   0.013
1988.625   0.223   0.042   0.040   0.013
1988.708   0.226   0.040   0.038   0.014
1988.792   0.206   0.037   0.035   0.014
1988.875  -0.013   0.033   0.030   0.013
1988.958   0.117   0.030   0.026   0.014
1989.042  -0.110   0.027   0.023   0.014
1989.125   0.184   0.027   0.023   0.014
1989.208   0.115   0.030   0.026   0.015
1989.292   0.076   0.034   0.031   0.014
1989.375  -0.009   0.038   0.035   0.013
1989.458   0.026   0.041   0.039   0.013
1989.542   0.206   0.044   0.041   0.014
1989.625   0.176   0.044   0.041   0.014
1989.708   0.229   0.042   0.040   0.014
1989.792   0.183   0.039   0.036   0.014
1989.875   0.029   0.035   0.032   0.013
1989.958   0.220   0.031   0.027   0.014
1990.042   0.234   0.029   0.024   0.015
1990.125   0.235   0.028   0.024   0.015
1990.208   0.548   0.031   0.027   0.016
1990.292   0.430   0.035   0.031   0.015
1990.375   0.319   0.039   0.036   0.014
1990.458   0.272   0.043   0.040   0.015
1990.542   0.309   0.045   0.043   0.015
1990.625   0.201   0.046   0.043   0.016
1990.708   0.155   0.044   0.041   0.015
1990.792   0.357   0.041   0.038   0.015
1990.875   0.298   0.037   0.034   0.016
1990.958   0.223   0.033   0.029   0.016
1991.042   0.248   0.030   0.025   0.016
1991.125   0.335   0.030   0.025   0.017
1991.208   0.202   0.032   0.028   0.016
1991.292   0.385   0.036   0.032   0.017
1991.375   0.274   0.040   0.037   0.015
1991.458   0.360   0.044   0.041   0.016
1991.542   0.409   0.046   0.044   0.016
1991.625   0.319   0.047   0.044   0.016
1991.708   0.324   0.046   0.043   0.016
1991.792   0.194   0.043   0.040   0.016
1991.875   0.197   0.038   0.035   0.015
1991.958   0.171   0.035   0.031   0.016
1992.042   0.325   0.032   0.027   0.017
1992.125   0.263   0.031   0.026   0.017
1992.208   0.279   0.033   0.028   0.017
1992.292   0.124   0.037   0.033   0.016
1992.375   0.173   0.041   0.038   0.016
1992.458   0.137   0.045   0.042   0.016
1992.542  -0.011   0.047   0.044   0.016
1992.625   0.001   0.048   0.045   0.015
1992.708  -0.109   0.047   0.044   0.016
1992.792  -0.035   0.044   0.041   0.016
1992.875  -0.078   0.040   0.037   0.016
1992.958   0.055   0.036   0.032   0.017
1993.042   0.268   0.034   0.029   0.018
1993.125   0.235   0.033   0.027   0.018
1993.208   0.214   0.035   0.029   0.018
1993.292   0.131   0.038   0.033   0.017
1993.375   0.143   0.042   0.038   0.017
1993.458   0.160   0.045   0.042   0.017
1993.542   0.142   0.048   0.045   0.017
1993.625   0.050   0.049   0.046   0.017
1993.708   0.082   0.047   0.045   0.016
1993.792   0.137   0.045   0.042   0.018
1993.875   0.007   0.041   0.038   0.016
1993.958   0.056   0.038   0.034   0.018
1994.042   0.139   0.035   0.030   0.018
1994.125  -0.058   0.034   0.029   0.018
1994.208   0.181   0.035   0.030   0.018
1994.292   0.225   0.039   0.034   0.019
1994.375   0.221   0.042   0.038   0.017
1994.458   0.320   0.046   0.042   0.019
1994.542   0.202   0.049   0.045   0.019
1994.625   0.143   0.049   0.046   0.018
1994.708   0.213   0.049   0.045   0.018
1994.792   0.349   0.047   0.043   0.019
1994.875   0.328   0.043   0.039   0.018
1994.958   0.185   0.040   0.035   0.021
1995.042   0.352   0.038   0.031   0.021
1995.125   0.589   0.037   0.030   0.021
1995.208   0.294   0.037   0.031   0.020
1995.292   0.346   0.040   0.035   0.020
1995.375   0.165   0.043   0.039   0.018
1995.458   0.345   0.047   0.042   0.019
1995.542   0.411   0.049   0.045   0.019
1995.625   0.373   0.050   0.046   0.019
1995.708   0.248   0.049   0.045   0.018
1995.792   0.363   0.047   0.043   0.019
1995.875   0.347   0.044   0.040   0.019
1995.958   0.117   0.041   0.036   0.020
1996.042   0.148   0.038   0.033   0.020
1996.125   0.395   0.037   0.031   0.020
1996.208   0.240   0.038   0.032   0.020
1996.292   0.196   0.040   0.035   0.019
1996.375   0.183   0.043   0.039   0.019
1996.458   0.121   0.047   0.042   0.019
1996.542   0.300   0.049   0.045   0.019
1996.625   0.316   0.050   0.046   0.019
1996.708   0.174   0.049   0.046   0.019
1996.792   0.120   0.048   0.044   0.020
1996.875   0.265   0.045   0.040   0.020
1996.958   0.271   0.042   0.037   0.021
1997.042   0.191   0.039   0.033   0.019
1997.125   0.251   0.038   0.032   0.020
1997.208   0.373   0.038   0.033   0.020
1997.292   0.319   0.040   0.035   0.019
1997.375   0.254   0.043   0.039   0.018
1997.458   0.475   0.047   0.043   0.019
1997.542   0.305   0.049   0.045   0.018
1997.625   0.376   0.050   0.046   0.019
1997.708   0.426   0.049   0.046   0.018
1997.792   0.547   0.047   0.044   0.017
1997.875   0.554   0.044   0.041   0.017
1997.958   0.457   0.042   0.037   0.019
1998.042   0.445   0.040   0.034   0.022
1998.125   0.693   0.039   0.032   0.022
1998.208   0.528   0.040   0.033   0.022
1998.292   0.599   0.042   0.036   0.022
1998.375   0.593   0.044   0.039   0.020
1998.458   0.646   0.047   0.043   0.020
1998.542   0.648   0.050   0.045   0.021
1998.625   0.624   0.051   0.047   0.021
1998.708   0.366   0.050   0.046   0.020
1998.792   0.374   0.049   0.044   0.021
1998.875   0.374   0.046   0.041   0.020
1998.958   0.473   0.043   0.037   0.022
1999.042   0.337   0.041   0.034   0.022
1999.125   0.540   0.040   0.033   0.023
1999.208   0.200   0.041   0.033   0.023
1999.292   0.249   0.042   0.036   0.023
1999.375   0.189   0.045   0.040   0.021
1999.458   0.292   0.048   0.043   0.021
1999.542   0.267   0.050   0.046   0.020
1999.625   0.237   0.051   0.047   0.021
1999.708   0.281   0.051   0.046   0.020
1999.792   0.264   0.049   0.044   0.021
1999.875   0.286   0.046   0.041   0.020
1999.958   0.304   0.043   0.037   0.021
2000.042   0.165   0.041   0.034   0.022
2000.125   0.447   0.040   0.033   0.023
2000.208   0.387   0.040   0.033   0.021
2000.292   0.452   0.042   0.036   0.022
2000.375   0.245   0.045   0.040   0.021
2000.458   0.319   0.049   0.043   0.022
2000.542   0.320   0.051   0.046   0.022
2000.625   0.350   0.052   0.047   0.021
2000.708   0.327   0.051   0.047   0.021
2000.792   0.181   0.049   0.044   0.021
2000.875   0.242   0.046   0.041   0.021
2000.958   0.184   0.043   0.037   0.021
2001.042   0.337   0.040   0.034   0.022
2001.125   0.363   0.040   0.032   0.023
2001.208   0.489   0.041   0.033   0.024
2001.292   0.417   0.042   0.036   0.022
2001.375   0.410   0.045   0.040   0.021
2001.458   0.409   0.049   0.044   0.022
2001.542   0.462   0.051   0.046   0.021
2001.625   0.463   0.052   0.047   0.022
2001.708   0.467   0.051   0.047   0.021
2001.792   0.429   0.049   0.044   0.022
2001.875   0.686   0.046   0.041   0.021
2001.958   0.510   0.043   0.037   0.022
2002.042   0.623   0.040   0.033   0.022
2002.125   0.597   0.040   0.032   0.024
2002.208   0.764   0.040   0.033   0.024
2002.292   0.479   0.043   0.036   0.023
2002.375   0.489   0.045   0.040   0.021
2002.458   0.448   0.049   0.044   0.022
2002.542   0.545   0.052   0.047   0.022
2002.625   0.477   0.053   0.048   0.022
2002.708   0.470   0.052   0.047   0.021
2002.792   0.502   0.050   0.045   0.022
2002.875   0.475   0.046   0.041   0.021
2002.958   0.355   0.043   0.036   0.022
2003.042   0.637   0.040   0.033   0.023
2003.125   0.462   0.039   0.031   0.024
2003.208   0.462   0.040   0.032   0.024
2003.292   0.449   0.043   0.036   0.023
2003.375   0.479   0.045   0.040   0.020
2003.458   0.402   0.050   0.044   0.022
2003.542   0.456   0.052   0.047   0.022
2003.625   0.588   0.053   0.048   0.022
2003.708   0.574   0.052   0.047   0.021
2003.792   0.645   0.050   0.045   0.022
2003.875   0.467   0.046   0.041   0.021
2003.958   0.620   0.042   0.036   0.022
2004.042   0.500   0.039   0.032   0.022
2004.125   0.587   0.038   0.030   0.023
2004.208   0.483   0.039   0.031   0.022
2004.292   0.486   0.042   0.035   0.023
2004.375   0.310   0.045   0.040   0.020
2004.458   0.284   0.050   0.045   0.022
2004.542   0.245   0.052   0.048   0.021
2004.625   0.415   0.053   0.049   0.022
2004.708   0.433   0.052   0.048   0.021
2004.792   0.508   0.050   0.045   0.021
2004.875   0.605   0.046   0.040   0.021
2004.958   0.381   0.042   0.035   0.023
2005.042   0.618   0.038   0.031   0.022
2005.125   0.499   0.038   0.029   0.024
2005.208   0.620   0.039   0.031   0.024
2005.292   0.615   0.042   0.035   0.023
2005.375   0.521   0.045   0.040   0.021
2005.458   0.530   0.050   0.045   0.022
2005.542   0.521   0.052   0.048   0.022
2005.625   0.565   0.054   0.049   0.022
2005.708   0.636   0.053   0.048   0.022
2005.792   0.684   0.050   0.045   0.022
2005.875   0.638   0.046   0.040   0.021
2005.958   0.585   0.042   0.035   0.023
2006.042   0.476   0.038   0.030   0.023
2006.125   0.637   0.037   0.028   0.024
2006.208   0.500   0.038   0.030   0.023
2006.292   0.431   0.041   0.034   0.023
2006.375   0.409   0.045   0.040   0.021
2006.458   0.518   0.050   0.044   0.023
2006.542   0.425   0.053   0.048   0.022
2006.625   0.618   0.054   0.049   0.022
2006.708   0.511   0.053   0.048   0.022
2006.792   0.603   0.050   0.045   0.022
2006.875   0.627   0.046   0.040   0.022
2006.958   0.682   0.041   0.034   0.023
2007.042   0.854   0.037   0.029   0.022
2007.125   0.624   0.035   0.027   0.023
2007.208   0.544   0.036   0.029   0.022
2007.292   0.672   0.040   0.033   0.022
2007.375   0.524   0.043   0.039   0.019
2007.458   0.502   0.049   0.044   0.022
2007.542   0.554   0.052   0.047   0.021
2007.625   0.531   0.053   0.049   0.021
2007.708   0.484   0.052   0.048   0.021
2007.792   0.533   0.050   0.045   0.021
2007.875   0.526   0.045   0.040   0.021
2007.958   0.384   0.041   0.034   0.022
2008.042   0.161   0.036   0.029   0.022
2008.125   0.245   0.035   0.026   0.023
2008.208   0.560   0.036   0.028   0.023
2008.292   0.407   0.039   0.033   0.022
2008.375   0.396   0.043   0.038   0.020
2008.458   0.351   0.048   0.043   0.021
2008.542   0.519   0.051   0.047   0.020
2008.625   0.412   0.053   0.048   0.021
2008.708   0.501   0.052   0.048   0.021
2008.792   0.579   0.049   0.045   0.021
2008.875   0.586   0.045   0.040   0.021
2008.958   0.427   0.040   0.034   0.022
2009.042   0.557   0.036   0.029   0.022
2009.125   0.434   0.035   0.026   0.023
2009.208   0.374   0.036   0.027   0.023
2009.292   0.486   0.039   0.032   0.022
2009.375   0.486   0.042   0.038   0.020
2009.458   0.600   0.048   0.043   0.022
2009.542   0.658   0.051   0.046   0.021
2009.625   0.584   0.052   0.048   0.021
2009.708   0.621   0.052   0.047   0.021
2009.792   0.580   0.049   0.044   0.021
2009.875   0.657   0.045   0.039   0.022
2009.958   0.592   0.041   0.034   0.023
2010.042   0.643   0.036   0.028   0.022
2010.125   0.738   0.035   0.026   0.024
2010.208   0.796   0.036   0.027   0.024
2010.292   0.789   0.039   0.031   0.023
2010.375   0.649   0.042   0.037   0.021
2010.458   0.579   0.048   0.042   0.023
2010.542   0.571   0.051   0.046   0.022
2010.625   0.562   0.052   0.048   0.022
2010.708   0.521   0.051   0.047   0.021
2010.792   0.612   0.049   0.044   0.021
2010.875   0.701   0.045   0.039   0.022
2010.958   0.405   0.041   0.034   0.023
2011.042   0.423   0.036   0.028   0.022
2011.125   0.375   0.035   0.025   0.024
2011.208   0.509   0.035   0.026   0.023
2011.292   0.526   0.038   0.031   0.023
2011.375   0.390   0.042   0.037   0.020
2011.458   0.518   0.047   0.042   0.022
2011.542   0.604   0.050   0.046   0.021
2011.625   0.634   0.052   0.047   0.022
2011.708   0.492   0.051   0.047   0.021
2011.792   0.538   0.049   0.044   0.021
2011.875   0.471   0.045   0.039   0.021
2011.958   0.453   0.040   0.034   0.022
2012.042   0.335   0.036   0.028   0.022
2012.125   0.395   0.034   0.025   0.023
2012.208   0.373   0.035   0.026   0.022
2012.292   0.575   0.038   0.031   0.022
2012.375   0.608   0.042   0.036   0.020
2012.458   0.571   0.047   0.042   0.022
2012.542   0.462   0.050   0.045   0.021
2012.625   0.542   0.052   0.047   0.022
2012.708   0.574   0.051   0.047   0.020
2012.792   0.691   0.049   0.044   0.021
2012.875   0.690   0.045   0.039   0.021
2012.958   0.394   0.041   0.034   0.023
2013.042   0.541   0.036   0.028   0.023
2013.125   0.430   0.035   0.025   0.025
2013.208   0.479   0.035   0.026   0.023
2013.292   0.478   0.039   0.031   0.024
2013.375   0.474   0.042   0.036   0.020
2013.458   0.553   0.047   0.042   0.023
2013.542   0.532   0.050   0.045   0.022
2013.625   0.585   0.052   0.047   0.022
2013.708   0.666   0.051   0.047   0.022
2013.792   0.584   0.049   0.044   0.021
2013.875   0.729   0.045   0.039   0.022
2013.958   0.550   0.041   0.034   0.023
2014.042   0.599   0.037   0.028   0.023
2014.125   0.389   0.035   0.025   0.024
2014.208   0.614   0.036   0.026   0.024
2014.292   0.680   0.039   0.031   0.024
2014.375   0.691   0.042   0.036   0.021
2014.458   0.586   0.047   0.042   0.023
2014.542   0.517   0.050   0.045   0.022
2014.625   0.719   0.052   0.047   0.022
2014.708   0.719   0.051   0.046   0.021
2014.792   0.716   0.049   0.044   0.021
2014.875   0.562   0.045   0.039   0.021
2014.958   0.638   0.041   0.034   0.023
2015.042   0.687   0.036   0.028   0.022
2015.125   0.700   0.035   0.025   0.024
2015.208   0.728   0.035   0.026   0.023
2015.292   0.651   0.038   0.031   0.023
2015.375   0.658   0.042   0.036   0.021
2015.458   0.691   0.048   0.042   0.023
2015.542   0.664   0.051   0.045   0.022
2015.625   0.701   0.052   0.047   0.022
2015.708   0.765   0.051   0.046   0.022
2015.792   0.957   0.049   0.044   0.021
2015.875   0.931   0.045   0.039   0.022
2015.958   0.980   0.041   0.034   0.023
2016.042   1.053   0.037   0.028   0.023
2016.125   1.159   0.035   0.025   0.024
2016.208   1.118   0.035   0.026   0.023
2016.292   0.955   0.039   0.031   0.024
2016.375   0.768   0.042   0.036   0.021
2016.458   0.702   0.048   0.042   0.024
2016.542   0.730   0.051   0.045   0.023
2016.625   0.892   0.052   0.047   0.023
2016.708   0.764   0.051   0.046   0.022
2016.792   0.793   0.049   0.044   0.021
2016.875   0.791   0.045   0.039   0.022
2016.958   0.728   0.041   0.034   0.023
2017.042   0.838   0.037   0.028   0.023
2017.125   0.938   0.035   0.026   0.024
2017.208   0.969   0.035   0.026   0.023
2017.292   0.787   0.039   0.031   0.023
2017.375   0.725   0.042   0.036   0.021
2017.458   0.591   0.048   0.042   0.023
2017.542   0.652   0.051   0.045   0.022
2017.625   0.720   0.052   0.047   0.023
2017.708   0.549   0.051   0.046   0.022
2017.792   0.676   0.049   0.043   0.023
2017.875   0.692   0.044   0.039   0.021
2017.958   0.697   0.041   0.034   0.024
2018.042   0.644   0.037   0.029   0.023
2018.125   0.702   0.036   0.026   0.025
