         CO2  Other WMGHG O3 (T)    O3(S)    RFari  aerosolERF LUC      SWV    BC snow  contrails Solar   Volcanic
 1.81 1.01 0.4 -0.05 -0.35 -0.9 -0.15 0.04 0.07 0.05 0.05  -1
1.44 0.8  0.2 -0.15 -0.85 -1.9  -0.25 0.02 0.02 0.02 0.0 -1.3
2.16 1.2  0.6 0.05 0.15   -0.1 -0.05 0.09 0.12 0.15 0.1  -0.7
 1750   0.0000   0.0000   0.0000   0.0000   0.0000   0.0000   0.0000   0.0000   0.0000   0.0000   0.0000  -0.0005
 1751  -0.0230   0.0040   0.0004   0.0000  -0.0006  -0.0018  -0.0004  -0.0002   0.0001   0.0000  -0.0137  -0.0000
 1752  -0.0237   0.0055   0.0008   0.0000  -0.0012  -0.0036  -0.0008  -0.0001   0.0003   0.0000  -0.0291  -0.0000
 1753  -0.0244   0.0070   0.0013   0.0000  -0.0017  -0.0054  -0.0012  -0.0000   0.0004   0.0000  -0.0331  -0.0000
 1754  -0.0250   0.0084   0.0017   0.0000  -0.0023  -0.0071  -0.0016   0.0000   0.0006   0.0000  -0.0428  -0.0000
 1755  -0.0257   0.0099   0.0021   0.0000  -0.0029  -0.0089  -0.0020   0.0001   0.0007   0.0000  -0.0536  -0.6636
 1756  -0.0264   0.0112   0.0025   0.0000  -0.0035  -0.0107  -0.0024   0.0002   0.0009   0.0000  -0.0547  -0.0000
 1757  -0.0272   0.0125   0.0030   0.0000  -0.0041  -0.0125  -0.0028   0.0002   0.0010   0.0000  -0.0478  -0.0000
 1758  -0.0279   0.0138   0.0034   0.0000  -0.0046  -0.0143  -0.0032   0.0003   0.0012   0.0000  -0.0498  -0.0000
 1759  -0.0284   0.0149   0.0038   0.0000  -0.0052  -0.0161  -0.0036   0.0003   0.0013   0.0000  -0.1019  -0.0000
 1760  -0.0288   0.0158   0.0042   0.0000  -0.0058  -0.0178  -0.0040   0.0004   0.0014   0.0000  -0.1115  -0.0600
 1761  -0.0290   0.0167   0.0047   0.0000  -0.0064  -0.0196  -0.0044   0.0004   0.0016   0.0000  -0.0159  -1.0930
 1762  -0.0290   0.0172   0.0051   0.0000  -0.0070  -0.0214  -0.0048   0.0005   0.0017   0.0000  -0.0067  -0.2997
 1763  -0.0285   0.0176   0.0055   0.0000  -0.0075  -0.0232  -0.0052   0.0005   0.0019   0.0000  -0.0181  -0.0931
 1764  -0.0275   0.0179   0.0059   0.0000  -0.0081  -0.0250  -0.0056   0.0006   0.0020   0.0000  -0.0217  -0.0207
 1765  -0.0261   0.0181   0.0064   0.0000  -0.0087  -0.0268  -0.0060   0.0007   0.0022   0.0000  -0.0537  -0.0029
 1766  -0.0243   0.0182   0.0068   0.0000  -0.0093  -0.0285  -0.0064   0.0007   0.0023   0.0000  -0.0479  -0.0000
 1767  -0.0221   0.0183   0.0072   0.0000  -0.0099  -0.0303  -0.0068   0.0008   0.0025   0.0000  -0.0358  -0.0000
 1768  -0.0195   0.0183   0.0076   0.0000  -0.0104  -0.0321  -0.0072   0.0008   0.0026   0.0000   0.0163  -0.0000
 1769  -0.0168   0.0183   0.0081   0.0000  -0.0110  -0.0339  -0.0076   0.0009   0.0027   0.0000   0.0498  -0.0000
 1770  -0.0140   0.0184   0.0085   0.0000  -0.0116  -0.0357  -0.0080   0.0009   0.0029   0.0000   0.0807  -0.0000
 1771  -0.0111   0.0184   0.0089   0.0000  -0.0122  -0.0375  -0.0084   0.0010   0.0030   0.0000   0.0550  -0.0000
 1772  -0.0083   0.0183   0.0093   0.0000  -0.0128  -0.0392  -0.0088   0.0010   0.0032   0.0000   0.0522  -0.0702
 1773  -0.0054   0.0182   0.0098   0.0000  -0.0133  -0.0410  -0.0092   0.0011   0.0033   0.0000   0.0158  -0.0200
 1774  -0.0030   0.0182   0.0102   0.0000  -0.0139  -0.0428  -0.0096   0.0012   0.0035   0.0000  -0.0017  -0.0045
 1775  -0.0009   0.0181   0.0106   0.0000  -0.0145  -0.0446  -0.0100   0.0012   0.0036   0.0000  -0.0382  -0.0006
 1776   0.0009   0.0179   0.0110   0.0000  -0.0151  -0.0464  -0.0104   0.0013   0.0038   0.0000  -0.0447  -0.0000
 1777   0.0023   0.0178   0.0114   0.0000  -0.0157  -0.0482  -0.0108   0.0013   0.0039   0.0000  -0.0362  -0.0000
 1778   0.0028   0.0178   0.0119   0.0000  -0.0162  -0.0499  -0.0112   0.0014   0.0040   0.0000   0.0167  -0.0671
 1779   0.0028   0.0178   0.0123   0.0000  -0.0168  -0.0517  -0.0116   0.0014   0.0042   0.0000  -0.0341  -0.0705
 1780   0.0032   0.0177   0.0127   0.0000  -0.0174  -0.0535  -0.0120   0.0015   0.0043   0.0000  -0.0690  -0.0182
 1781   0.0036   0.0177   0.0131   0.0000  -0.0180  -0.0553  -0.0124   0.0015   0.0045   0.0000  -0.0573  -0.0037
 1782   0.0043   0.0177   0.0136   0.0000  -0.0186  -0.0571  -0.0128   0.0016   0.0046   0.0000  -0.0280  -0.0005
 1783   0.0063   0.0176   0.0140   0.0000  -0.0191  -0.0589  -0.0132   0.0016   0.0048   0.0000  -0.0653  -7.8574
 1784   0.0088   0.0177   0.0144   0.0000  -0.0197  -0.0606  -0.0136   0.0017   0.0049   0.0000  -0.0586  -0.5222
 1785   0.0121   0.0177   0.0148   0.0000  -0.0203  -0.0624  -0.0140   0.0017   0.0051   0.0000  -0.0464  -0.1212
 1786   0.0165   0.0178   0.0153   0.0000  -0.0209  -0.0642  -0.0144   0.0018   0.0052   0.0000  -0.0223  -0.0270
 1787   0.0214   0.0180   0.0157   0.0000  -0.0215  -0.0660  -0.0148   0.0018   0.0053   0.0000  -0.0006  -0.0020
 1788   0.0267   0.0183   0.0161   0.0000  -0.0220  -0.0678  -0.0152   0.0019   0.0055   0.0000   0.0337  -0.1330
 1789   0.0326   0.0185   0.0165   0.0000  -0.0226  -0.0696  -0.0156   0.0019   0.0056   0.0000  -0.0331  -0.0413
 1790   0.0383   0.0190   0.0170   0.0000  -0.0232  -0.0713  -0.0160   0.0020   0.0058   0.0000  -0.0576  -0.0092
 1791   0.0441   0.0194   0.0174   0.0000  -0.0238  -0.0731  -0.0164   0.0020   0.0059   0.0000  -0.0560  -0.0014
 1792   0.0498   0.0199   0.0178   0.0000  -0.0244  -0.0749  -0.0168   0.0021   0.0061   0.0000  -0.0505  -0.0000
 1793   0.0552   0.0204   0.0182   0.0000  -0.0249  -0.0767  -0.0172   0.0021   0.0062   0.0000  -0.0650  -0.0000
 1794   0.0604   0.0212   0.0187   0.0000  -0.0255  -0.0785  -0.0176   0.0022   0.0064   0.0000  -0.0639  -0.1565
 1795   0.0655   0.0219   0.0191   0.0000  -0.0261  -0.0803  -0.0180   0.0022   0.0065   0.0000  -0.0271  -0.0000
 1796   0.0702   0.0227   0.0195   0.0000  -0.0267  -0.0820  -0.0184   0.0023   0.0066   0.0000  -0.0332  -0.7805
 1797   0.0748   0.0234   0.0199   0.0000  -0.0273  -0.0838  -0.0188   0.0024   0.0068   0.0000  -0.0432  -0.0710
 1798   0.0792   0.0241   0.0204   0.0000  -0.0278  -0.0856  -0.0192   0.0024   0.0069   0.0000  -0.0446  -0.0158
 1799   0.0835   0.0248   0.0208   0.0000  -0.0284  -0.0874  -0.0196   0.0025   0.0071   0.0000  -0.0473  -0.0022
 1800   0.0877   0.0253   0.0212   0.0000  -0.0290  -0.0892  -0.0200   0.0025   0.0072   0.0000  -0.0550  -0.0000
 1801   0.0917   0.0256   0.0216   0.0000  -0.0296  -0.0910  -0.0204   0.0026   0.0074   0.0000  -0.0213  -0.1538
 1802   0.0956   0.0259   0.0220   0.0000  -0.0302  -0.0927  -0.0208   0.0027   0.0075   0.0000  -0.0095  -0.0483
 1803   0.0994   0.0260   0.0225   0.0000  -0.0307  -0.0945  -0.0212   0.0027   0.0076   0.0000  -0.0330  -0.0108
 1804   0.1029   0.0261   0.0229   0.0000  -0.0313  -0.0963  -0.0216   0.0028   0.0078   0.0000  -0.0402  -0.2304
 1805   0.1063   0.0261   0.0233   0.0000  -0.0319  -0.0981  -0.0220   0.0029   0.0079   0.0000  -0.0460  -0.0700
 1806   0.1093   0.0261   0.0237   0.0000  -0.0325  -0.0999  -0.0224   0.0030   0.0081   0.0000  -0.0364  -0.0156
 1807   0.1119   0.0261   0.0242   0.0000  -0.0331  -0.1017  -0.0228   0.0030   0.0082   0.0000  -0.0572  -0.0020
 1808   0.1143   0.0261   0.0246   0.0000  -0.0336  -0.1035  -0.0232   0.0031   0.0084   0.0000  -0.0652  -0.0000
 1809   0.1161   0.0262   0.0250   0.0000  -0.0342  -0.1052  -0.0236   0.0032   0.0085   0.0000  -0.0646  -6.9472
 1810   0.1174   0.0264   0.0254   0.0000  -0.0348  -0.1070  -0.0240   0.0033   0.0087   0.0000  -0.0696  -2.2539
 1811   0.1183   0.0266   0.0259   0.0000  -0.0354  -0.1088  -0.0244   0.0033   0.0088   0.0000  -0.0717  -0.8357
 1812   0.1185   0.0271   0.0263   0.0000  -0.0360  -0.1106  -0.0248   0.0034   0.0089   0.0000  -0.0718  -0.3075
 1813   0.1180   0.0277   0.0267   0.0000  -0.0365  -0.1124  -0.0252   0.0035   0.0091   0.0000  -0.0692  -0.1089
 1814   0.1169   0.0285   0.0271   0.0000  -0.0371  -0.1142  -0.0256   0.0036   0.0092   0.0000  -0.0641  -0.0000
 1815   0.1152   0.0295   0.0276   0.0000  -0.0377  -0.1159  -0.0260   0.0037   0.0094   0.0000  -0.0620 -11.6287
 1816   0.1127   0.0307   0.0280   0.0000  -0.0383  -0.1177  -0.0264   0.0038   0.0095   0.0000  -0.0524  -4.5528
 1817   0.1103   0.0320   0.0284   0.0000  -0.0389  -0.1195  -0.0268   0.0038   0.0097   0.0000  -0.0482  -2.4191
 1818   0.1074   0.0335   0.0288   0.0000  -0.0394  -0.1213  -0.0272   0.0039   0.0098   0.0000  -0.0530  -0.9152
 1819   0.1040   0.0351   0.0293   0.0000  -0.0400  -0.1231  -0.0276   0.0040   0.0100   0.0000  -0.0544  -0.3367
 1820   0.1013   0.0366   0.0297   0.0000  -0.0406  -0.1249  -0.0280   0.0041   0.0101   0.0000  -0.0592  -0.0391
 1821   0.0992   0.0381   0.0301   0.0000  -0.0412  -0.1266  -0.0284   0.0042   0.0102   0.0000  -0.0649  -0.0000
 1822   0.0972   0.0396   0.0305   0.0000  -0.0418  -0.1284  -0.0288   0.0042   0.0104   0.0000  -0.0659  -0.0000
 1823   0.0963   0.0409   0.0310   0.0000  -0.0423  -0.1302  -0.0292   0.0043   0.0105   0.0000  -0.0680  -0.0000
 1824   0.0966   0.0422   0.0314   0.0000  -0.0429  -0.1320  -0.0296   0.0044   0.0107   0.0000  -0.0592  -0.0000
 1825   0.0977   0.0432   0.0318   0.0000  -0.0435  -0.1338  -0.0300   0.0045   0.0108   0.0000  -0.0518  -0.0000
 1826   0.0999   0.0441   0.0322   0.0000  -0.0441  -0.1356  -0.0304   0.0046   0.0110   0.0000  -0.0438  -0.0000
 1827   0.1031   0.0447   0.0327   0.0000  -0.0447  -0.1373  -0.0308   0.0046   0.0111   0.0000  -0.0179  -0.0000
 1828   0.1059   0.0451   0.0331   0.0000  -0.0452  -0.1391  -0.0312   0.0047   0.0113   0.0000  -0.0078  -0.0000
 1829   0.1088   0.0451   0.0335   0.0000  -0.0458  -0.1409  -0.0316   0.0048   0.0114   0.0000  -0.0060  -0.0000
 1830   0.1114   0.0447   0.0339   0.0000  -0.0464  -0.1427  -0.0320   0.0049   0.0115   0.0000   0.0015  -0.0000
 1831   0.1128   0.0439   0.0343   0.0000  -0.0470  -0.1445  -0.0324   0.0050   0.0117   0.0000   0.0015  -1.5378
 1832   0.1136   0.0425   0.0348   0.0000  -0.0476  -0.1463  -0.0328   0.0051   0.0118   0.0000  -0.0196  -1.2285
 1833   0.1141   0.0408   0.0352   0.0000  -0.0481  -0.1480  -0.0332   0.0051   0.0120   0.0000  -0.0345  -0.6051
 1834   0.1136   0.0389   0.0356   0.0000  -0.0487  -0.1498  -0.0336   0.0052   0.0121   0.0000  -0.0381  -0.2225
 1835   0.1130   0.0371   0.0360   0.0000  -0.0493  -0.1516  -0.0340   0.0053   0.0123   0.0000  -0.0328  -4.9349
 1836   0.1124   0.0357   0.0365   0.0000  -0.0499  -0.1534  -0.0344   0.0054   0.0124   0.0000   0.0173  -1.4450
 1837   0.1115   0.0352   0.0369   0.0000  -0.0505  -0.1552  -0.0348   0.0055   0.0126   0.0000   0.0548  -0.5226
 1838   0.1119   0.0351   0.0373   0.0000  -0.0510  -0.1570  -0.0352   0.0056   0.0127   0.0000   0.0513  -0.1922
 1839   0.1140   0.0358   0.0377   0.0000  -0.0516  -0.1587  -0.0356   0.0057   0.0128   0.0000   0.0279  -0.0694
 1840   0.1170   0.0370   0.0382   0.0000  -0.0522  -0.1605  -0.0360   0.0058   0.0130   0.0000   0.0273  -0.0474
 1841   0.1211   0.0383   0.0386   0.0000  -0.0528  -0.1623  -0.0364   0.0059   0.0131   0.0000   0.0071  -0.0125
 1842   0.1272   0.0396   0.0390   0.0000  -0.0534  -0.1641  -0.0368   0.0060   0.0133   0.0000  -0.0058  -0.0028
 1843   0.1347   0.0409   0.0394   0.0000  -0.0539  -0.1659  -0.0372   0.0061   0.0134   0.0000  -0.0134  -0.0518
 1844   0.1416   0.0419   0.0399   0.0000  -0.0545  -0.1677  -0.0376   0.0062   0.0136   0.0000  -0.0238  -0.0139
 1845   0.1486   0.0428   0.0403   0.0000  -0.0551  -0.1694  -0.0380   0.0063   0.0137   0.0000  -0.0260  -0.0032
 1846   0.1550   0.0436   0.0407   0.0000  -0.0557  -0.1712  -0.0384   0.0064   0.0139   0.0000  -0.0236  -0.0706
 1847   0.1596   0.0444   0.0411   0.0000  -0.0563  -0.1730  -0.0388   0.0065   0.0140   0.0000  -0.0623  -0.0200
 1848   0.1633   0.0451   0.0416   0.0000  -0.0568  -0.1748  -0.0392   0.0066   0.0141   0.0000  -0.0181  -0.0045
 1849   0.1659   0.0458   0.0420   0.0000  -0.0574  -0.1766  -0.0396   0.0067   0.0143   0.0000   0.0431  -0.0006
 1850   0.1669   0.0464   0.0424   0.0000  -0.0580  -0.1784  -0.0400   0.0068   0.0144   0.0000   0.0244  -0.1000
 1851   0.1665   0.0472   0.0433   0.0000  -0.0588  -0.1801  -0.0403   0.0069   0.0147   0.0000   0.0157  -0.0750
 1852   0.1657   0.0479   0.0442   0.0000  -0.0595  -0.1819  -0.0407   0.0070   0.0150   0.0000   0.0203  -0.0250
 1853   0.1641   0.0488   0.0451   0.0000  -0.0603  -0.1836  -0.0410   0.0071   0.0153   0.0000   0.0105  -0.0250
 1854   0.1617   0.0498   0.0460   0.0000  -0.0611  -0.1853  -0.0414   0.0072   0.0156   0.0000  -0.0098  -0.0000
 1855   0.1596   0.0509   0.0469   0.0000  -0.0619  -0.1871  -0.0417   0.0073   0.0159   0.0000  -0.0270  -0.0500
 1856   0.1578   0.0522   0.0478   0.0000  -0.0627  -0.1888  -0.0420   0.0074   0.0161   0.0000  -0.0374  -0.9750
 1857   0.1561   0.0537   0.0486   0.0000  -0.0634  -0.1906  -0.0424   0.0076   0.0164   0.0000  -0.0372  -1.5000
 1858   0.1550   0.0552   0.0495   0.0000  -0.0642  -0.1923  -0.0427   0.0077   0.0167   0.0000  -0.0197  -0.7250
 1859   0.1541   0.0568   0.0504   0.0000  -0.0650  -0.1941  -0.0430   0.0078   0.0170   0.0000  -0.0066  -0.2750
 1860   0.1536   0.0583   0.0513   0.0000  -0.0658  -0.1958  -0.0434   0.0079   0.0173   0.0000   0.0293  -0.1250
 1861   0.1532   0.0597   0.0522   0.0000  -0.0665  -0.1976  -0.0437   0.0080   0.0176   0.0000   0.0356  -0.0750
 1862   0.1530   0.0609   0.0531   0.0000  -0.0673  -0.1993  -0.0440   0.0082   0.0178   0.0000   0.0129  -0.3500
 1863   0.1537   0.0622   0.0540   0.0000  -0.0681  -0.2011  -0.0444   0.0083   0.0181   0.0000   0.0056  -0.2500
 1864   0.1555   0.0633   0.0549   0.0000  -0.0689  -0.2028  -0.0447   0.0084   0.0184   0.0000  -0.0171  -0.1250
 1865   0.1580   0.0644   0.0558   0.0000  -0.0696  -0.2046  -0.0450   0.0085   0.0187   0.0000  -0.0183  -0.0500
 1866   0.1616   0.0655   0.0567   0.0000  -0.0704  -0.2063  -0.0454   0.0087   0.0190   0.0000  -0.0210  -0.0250
 1867   0.1669   0.0667   0.0576   0.0000  -0.0712  -0.2081  -0.0457   0.0088   0.0193   0.0000  -0.0366  -0.0000
 1868   0.1729   0.0681   0.0585   0.0000  -0.0720  -0.2098  -0.0460   0.0089   0.0196   0.0000  -0.0386  -0.0000
 1869   0.1800   0.0695   0.0594   0.0000  -0.0728  -0.2115  -0.0464   0.0090   0.0198   0.0000  -0.0054  -0.0250
 1870   0.1882   0.0711   0.0602   0.0000  -0.0735  -0.2133  -0.0467   0.0092   0.0201   0.0000  -0.0282  -0.0250
 1871   0.1954   0.0730   0.0611   0.0000  -0.0743  -0.2150  -0.0471   0.0093   0.0204   0.0000   0.0249  -0.0250
 1872   0.2022   0.0748   0.0620   0.0000  -0.0751  -0.2168  -0.0474   0.0094   0.0207   0.0000   0.0121  -0.0250
 1873   0.2083   0.0768   0.0629   0.0000  -0.0759  -0.2185  -0.0478   0.0096   0.0210   0.0000   0.0149  -0.0750
 1874   0.2123   0.0788   0.0638   0.0000  -0.0766  -0.2203  -0.0481   0.0097   0.0213   0.0000   0.0002  -0.0500
 1875   0.2151   0.0808   0.0647   0.0000  -0.0774  -0.2220  -0.0485   0.0098   0.0215   0.0000  -0.0153  -0.0250
 1876   0.2176   0.0827   0.0656   0.0000  -0.0782  -0.2238  -0.0489   0.0099   0.0218   0.0000  -0.0289  -0.1500
 1877   0.2186   0.0844   0.0665   0.0000  -0.0790  -0.2255  -0.0492   0.0101   0.0221   0.0000  -0.0329  -0.1250
 1878   0.2193   0.0861   0.0674   0.0000  -0.0797  -0.2273  -0.0496   0.0102   0.0224   0.0000  -0.0409  -0.0750
 1879   0.2207   0.0877   0.0683   0.0000  -0.0805  -0.2290  -0.0500   0.0104   0.0227   0.0000  -0.0440  -0.0500
 1880   0.2221   0.0891   0.0692   0.0000  -0.0813  -0.2308  -0.0504   0.0105   0.0230   0.0000  -0.0393  -0.0250
 1881   0.2244   0.0907   0.0701   0.0000  -0.0821  -0.2325  -0.0508   0.0107   0.0233   0.0000  -0.0068  -0.0250
 1882   0.2280   0.0924   0.0710   0.0000  -0.0829  -0.2343  -0.0512   0.0108   0.0235   0.0000  -0.0191  -0.0250
 1883   0.2323   0.0943   0.0718   0.0000  -0.0836  -0.2360  -0.0516   0.0109   0.0238   0.0000  -0.0306  -1.1750
 1884   0.2375   0.0962   0.0727   0.0000  -0.0844  -0.2377  -0.0520   0.0111   0.0241   0.0000   0.0179  -3.5750
 1885   0.2435   0.0983   0.0736   0.0000  -0.0852  -0.2395  -0.0525   0.0112   0.0244   0.0000   0.0024  -1.5750
 1886   0.2504   0.1004   0.0745   0.0000  -0.0860  -0.2412  -0.0529   0.0114   0.0247   0.0000  -0.0139  -0.9000
 1887   0.2578   0.1023   0.0754   0.0000  -0.0867  -0.2430  -0.0533   0.0115   0.0250   0.0000  -0.0325  -0.9250
 1888   0.2658   0.1041   0.0763   0.0000  -0.0875  -0.2447  -0.0538   0.0117   0.0252   0.0000  -0.0369  -0.5500
 1889   0.2742   0.1057   0.0772   0.0000  -0.0883  -0.2465  -0.0543   0.0118   0.0255   0.0000  -0.0413  -0.7250
 1890   0.2832   0.1071   0.0781   0.0000  -0.0891  -0.2482  -0.0547   0.0120   0.0258   0.0000  -0.0414  -0.9750
 1891   0.2927   0.1083   0.0790   0.0000  -0.0898  -0.2500  -0.0552   0.0122   0.0261   0.0000  -0.0197  -0.7500
 1892   0.3016   0.1092   0.0799   0.0000  -0.0906  -0.2517  -0.0557   0.0123   0.0264   0.0000   0.0044  -0.5500
 1893   0.3106   0.1100   0.0808   0.0000  -0.0914  -0.2535  -0.0562   0.0125   0.0267   0.0000   0.0351  -0.2250
 1894   0.3189   0.1106   0.0817   0.0000  -0.0922  -0.2552  -0.0567   0.0127   0.0269   0.0000   0.0719  -0.1000
 1895   0.3249   0.1112   0.0826   0.0000  -0.0930  -0.2570  -0.0572   0.0129   0.0272   0.0000   0.0517  -0.0250
 1896   0.3298   0.1116   0.0834   0.0000  -0.0937  -0.2587  -0.0578   0.0131   0.0275   0.0000   0.0225  -0.4500
 1897   0.3338   0.1125   0.0843   0.0000  -0.0945  -0.2605  -0.0583   0.0133   0.0278   0.0000  -0.0030  -0.4250
 1898   0.3357   0.1135   0.0852   0.0000  -0.0953  -0.2622  -0.0589   0.0135   0.0281   0.0000  -0.0122  -0.3000
 1899   0.3371   0.1150   0.0861   0.0000  -0.0961  -0.2639  -0.0594   0.0137   0.0284   0.0000  -0.0168  -0.1250
 1900   0.3391   0.1172   0.0870  -0.0000  -0.0968  -0.2657  -0.0600   0.0140   0.0287   0.0000  -0.0276  -0.0500
 1901   0.3408   0.1197   0.0879  -0.0000  -0.0974  -0.2678  -0.0605   0.0143   0.0292   0.0000  -0.0430  -0.0250
 1902   0.3438   0.1229   0.0888  -0.0000  -0.0979  -0.2698  -0.0610   0.0146   0.0298   0.0000  -0.0475  -0.5000
 1903   0.3489   0.1266   0.0897  -0.0000  -0.0984  -0.2719  -0.0615   0.0149   0.0304   0.0000  -0.0362  -1.8000
 1904   0.3553   0.1302   0.0906  -0.0000  -0.0989  -0.2740  -0.0620   0.0153   0.0310   0.0000   0.0106  -0.8000
 1905   0.3618   0.1340   0.0915  -0.0000  -0.0994  -0.2761  -0.0625   0.0156   0.0316   0.0000  -0.0160  -0.3250
 1906   0.3686   0.1378   0.0924  -0.0000  -0.0999  -0.2781  -0.0630   0.0160   0.0322   0.0000   0.0277  -0.1750
 1907   0.3761   0.1412   0.0933  -0.0000  -0.1005  -0.2802  -0.0635   0.0163   0.0328   0.0000  -0.0007  -0.2250
 1908   0.3830   0.1446   0.0942  -0.0000  -0.1010  -0.2823  -0.0641   0.0167   0.0334   0.0000   0.0198  -0.2500
 1909   0.3888   0.1479   0.0950  -0.0005  -0.1015  -0.2844  -0.0646   0.0170   0.0340   0.0000  -0.0016  -0.1000
 1910   0.3945   0.1513   0.0959  -0.0005  -0.1020  -0.2864  -0.0651   0.0174   0.0346   0.0000  -0.0060  -0.0750
 1911   0.4002   0.1548   0.0971  -0.0005  -0.1019  -0.2876  -0.0657   0.0178   0.0346   0.0000  -0.0320  -0.0500
 1912   0.4056   0.1585   0.0983  -0.0005  -0.1017  -0.2887  -0.0663   0.0182   0.0347   0.0000  -0.0448  -0.4750
 1913   0.4118   0.1625   0.0995  -0.0005  -0.1016  -0.2898  -0.0669   0.0186   0.0348   0.0000  -0.0420  -0.6000
 1914   0.4193   0.1666   0.1007  -0.0005  -0.1015  -0.2910  -0.0675   0.0190   0.0349   0.0000  -0.0332  -0.2500
 1915   0.4272   0.1708   0.1019  -0.0010  -0.1013  -0.2921  -0.0681   0.0194   0.0350   0.0000   0.0133  -0.1000
 1916   0.4356   0.1754   0.1030  -0.0010  -0.1012  -0.2932  -0.0687   0.0198   0.0351   0.0000   0.0682  -0.0750
 1917   0.4446   0.1801   0.1042  -0.0010  -0.1010  -0.2944  -0.0693   0.0202   0.0351   0.0000   0.0859  -0.0500
 1918   0.4528   0.1846   0.1054  -0.0010  -0.1009  -0.2955  -0.0699   0.0207   0.0352   0.0000   0.1213  -0.0500
 1919   0.4599   0.1890   0.1066  -0.0015  -0.1008  -0.2966  -0.0706   0.0211   0.0353   0.0000   0.0727  -0.0500
 1920   0.4664   0.1929   0.1078  -0.0010  -0.1006  -0.2977  -0.0713   0.0215   0.0354   0.0000   0.0392  -0.2250
 1921   0.4719   0.1962   0.1090  -0.0010  -0.1020  -0.3016  -0.0719   0.0220   0.0355   0.0000   0.0123  -0.2000
 1922   0.4764   0.1989   0.1102  -0.0015  -0.1033  -0.3054  -0.0726   0.0224   0.0357   0.0000  -0.0134  -0.0750
 1923   0.4813   0.2009   0.1113  -0.0015  -0.1047  -0.3092  -0.0733   0.0229   0.0358   0.0000  -0.0245  -0.0250
 1924   0.4863   0.2032   0.1125  -0.0015  -0.1060  -0.3130  -0.0741   0.0233   0.0360   0.0000  -0.0288  -0.0750
 1925   0.4913   0.2052   0.1137  -0.0015  -0.1074  -0.3169  -0.0748   0.0238   0.0361   0.0000  -0.0154  -0.0750
 1926   0.4968   0.2074   0.1149  -0.0020  -0.1087  -0.3207  -0.0756   0.0242   0.0362   0.0000   0.0202  -0.0500
 1927   0.5031   0.2104   0.1161  -0.0020  -0.1101  -0.3245  -0.0764   0.0246   0.0364   0.0000   0.0634  -0.0500
 1928   0.5099   0.2137   0.1173  -0.0020  -0.1115  -0.3283  -0.0771   0.0250   0.0365   0.0000   0.0327  -0.1250
 1929   0.5166   0.2175   0.1185  -0.0020  -0.1128  -0.3321  -0.0780   0.0254   0.0367   0.0001   0.0283  -0.2500
 1930   0.5232   0.2215   0.1196  -0.0025  -0.1142  -0.3360  -0.0788   0.0258   0.0368   0.0002   0.0478  -0.1500
 1931   0.5297   0.2256   0.1218  -0.0025  -0.1157  -0.3377  -0.0796   0.0263   0.0373   0.0002   0.0085  -0.1250
 1932   0.5360   0.2298   0.1239  -0.0025  -0.1172  -0.3395  -0.0805   0.0267   0.0377   0.0002  -0.0160  -0.2000
 1933   0.5421   0.2337   0.1261  -0.0025  -0.1187  -0.3413  -0.0814   0.0270   0.0382   0.0002  -0.0285  -0.1750
 1934   0.5484   0.2373   0.1282  -0.0030  -0.1202  -0.3431  -0.0823   0.0274   0.0386   0.0002  -0.0271  -0.1000
 1935   0.5553   0.2407   0.1304  -0.0030  -0.1218  -0.3449  -0.0832   0.0278   0.0391   0.0003  -0.0078  -0.1000
 1936   0.5626   0.2439   0.1326  -0.0030  -0.1233  -0.3467  -0.0842   0.0282   0.0395   0.0003   0.0675  -0.0750
 1937   0.5695   0.2471   0.1347  -0.0030  -0.1248  -0.3485  -0.0852   0.0286   0.0400   0.0003   0.0887  -0.0750
 1938   0.5769   0.2505   0.1369  -0.0030  -0.1263  -0.3503  -0.0862   0.0289   0.0404   0.0004   0.0803  -0.1250
 1939   0.5844   0.2538   0.1390  -0.0035  -0.1278  -0.3520  -0.0872   0.0293   0.0409   0.0004   0.0944  -0.1000
 1940   0.5904   0.2574   0.1412  -0.0035  -0.1293  -0.3538  -0.0882   0.0296   0.0414   0.0004   0.0697  -0.0750
 1941   0.5948   0.2609   0.1433  -0.0035  -0.1325  -0.3578  -0.0893   0.0300   0.0418   0.0004   0.0568  -0.0500
 1942   0.5982   0.2642   0.1455  -0.0035  -0.1357  -0.3618  -0.0904   0.0304   0.0422   0.0004   0.0302  -0.1000
 1943   0.5993   0.2672   0.1476  -0.0040  -0.1389  -0.3658  -0.0915   0.0307   0.0426   0.0004  -0.0053  -0.1000
 1944   0.5989   0.2702   0.1498  -0.0040  -0.1421  -0.3698  -0.0926   0.0311   0.0430   0.0005  -0.0105  -0.0500
 1945   0.5988   0.2731   0.1519  -0.0040  -0.1453  -0.3738  -0.0938   0.0315   0.0434   0.0008   0.0191  -0.0500
 1946   0.5985   0.2762   0.1541  -0.0045  -0.1485  -0.3778  -0.0950   0.0319   0.0438   0.0012   0.0246  -0.0500
 1947   0.5978   0.2793   0.1562  -0.0045  -0.1517  -0.3818  -0.0962   0.0323   0.0443   0.0015   0.0932  -0.0500
 1948   0.5984   0.2830   0.1584  -0.0045  -0.1549  -0.3858  -0.0974   0.0328   0.0447   0.0016   0.1464  -0.0500
 1949   0.6007   0.2868   0.1605  -0.0050  -0.1581  -0.3899  -0.0987   0.0333   0.0451   0.0018   0.1232  -0.0750
 1950   0.6038   0.2907   0.1627  -0.0050  -0.1613  -0.3939  -0.1000   0.0338   0.0455   0.0019   0.1095  -0.0750
 1951   0.6084   0.2961   0.1677  -0.0050  -0.1693  -0.4090  -0.1015   0.0343   0.0461   0.0021   0.0368  -0.0500
 1952   0.6151   0.3015   0.1728  -0.0055  -0.1772  -0.4242  -0.1029   0.0349   0.0466   0.0023   0.0450  -0.1000
 1953   0.6228   0.3078   0.1779  -0.0055  -0.1851  -0.4394  -0.1045   0.0355   0.0472   0.0025   0.0247  -0.0750
 1954   0.6313   0.3153   0.1829  -0.0060  -0.1931  -0.4546  -0.1060   0.0361   0.0478   0.0027   0.0026  -0.1000
 1955   0.6409   0.3234   0.1880  -0.0060  -0.2010  -0.4697  -0.1075   0.0368   0.0483   0.0030   0.0154  -0.0500
 1956   0.6510   0.3321   0.1930  -0.0065  -0.2089  -0.4849  -0.1091   0.0375   0.0489   0.0033   0.0636  -0.0250
 1957   0.6619   0.3410   0.1981  -0.0065  -0.2169  -0.5001  -0.1107   0.0382   0.0495   0.0037   0.1287  -0.0250
 1958   0.6733   0.3494   0.2031  -0.0070  -0.2248  -0.5153  -0.1123   0.0390   0.0500   0.0038   0.1943  -0.0000
 1959   0.6853   0.3577   0.2082  -0.0075  -0.2328  -0.5304  -0.1139   0.0397   0.0506   0.0040   0.1591  -0.0000
 1960   0.6976   0.3660   0.2132  -0.0080  -0.2407  -0.5456  -0.1155   0.0405   0.0512   0.0040   0.1507  -0.1250
 1961   0.7094   0.3742   0.2183  -0.0080  -0.2503  -0.5629  -0.1170   0.0413   0.0509   0.0040   0.1103  -0.2750
 1962   0.7194   0.3828   0.2233  -0.0085  -0.2600  -0.5802  -0.1186   0.0422   0.0506   0.0042   0.0506  -0.3250
 1963   0.7270   0.3918   0.2284  -0.0090  -0.2697  -0.5975  -0.1201   0.0430   0.0504   0.0045   0.0381  -1.1500
 1964   0.7353   0.4016   0.2334  -0.0095  -0.2793  -0.6148  -0.1216   0.0439   0.0501   0.0048   0.0194  -1.8000
 1965   0.7480   0.4122   0.2385  -0.0105  -0.2890  -0.6321  -0.1231   0.0448   0.0499   0.0053   0.0079  -1.0750
 1966   0.7624   0.4238   0.2435  -0.0110  -0.2987  -0.6495  -0.1246   0.0457   0.0496   0.0058   0.0116  -0.5750
 1967   0.7777   0.4366   0.2486  -0.0115  -0.3083  -0.6668  -0.1260   0.0466   0.0493   0.0069   0.0549  -0.3750
 1968   0.7940   0.4507   0.2536  -0.0125  -0.3180  -0.6841  -0.1274   0.0475   0.0491   0.0078   0.0861  -0.6750
 1969   0.8113   0.4660   0.2587  -0.0135  -0.3276  -0.7014  -0.1287   0.0485   0.0488   0.0087   0.0772  -0.8500
 1970   0.8284   0.4827   0.2637  -0.0140  -0.3373  -0.7187  -0.1300   0.0495   0.0486   0.0091   0.0923  -0.4250
 1971   0.8457   0.5003   0.2704  -0.0155  -0.3407  -0.7219  -0.1312   0.0504   0.0488   0.0092   0.0821  -0.1500
 1972   0.8652   0.5187   0.2770  -0.0165  -0.3440  -0.7251  -0.1324   0.0514   0.0491   0.0094   0.0757  -0.1000
 1973   0.8849   0.5381   0.2837  -0.0175  -0.3474  -0.7284  -0.1335   0.0524   0.0494   0.0098   0.0438  -0.2000
 1974   0.9036   0.5578   0.2904  -0.0190  -0.3508  -0.7316  -0.1346   0.0534   0.0496   0.0096   0.0232  -0.3250
 1975   0.9201   0.5780   0.2970  -0.0205  -0.3541  -0.7348  -0.1356   0.0544   0.0499   0.0098   0.0060  -0.7500
 1976   0.9376   0.5977   0.3037  -0.0220  -0.3575  -0.7380  -0.1365   0.0554   0.0501   0.0102  -0.0031  -0.3500
 1977   0.9604   0.6170   0.3104  -0.0235  -0.3608  -0.7413  -0.1375   0.0563   0.0504   0.0105   0.0395  -0.1250
 1978   0.9871   0.6362   0.3170  -0.0255  -0.3642  -0.7445  -0.1383   0.0573   0.0507   0.0110   0.1291  -0.2000
 1979   1.0175   0.6556   0.3237  -0.0270  -0.3676  -0.7477  -0.1392   0.0583   0.0509   0.0119   0.1671  -0.2250
 1980   1.0456   0.6754   0.3303  -0.0290  -0.3709  -0.7510  -0.1399   0.0593   0.0512   0.0121   0.1501  -0.1250
 1981   1.0657   0.6957   0.3346  -0.0310  -0.3743  -0.7631  -0.1407   0.0605   0.0507   0.0118   0.1466  -0.1250
 1982   1.0849   0.7172   0.3389  -0.0330  -0.3776  -0.7753  -0.1414   0.0617   0.0503   0.0119   0.0938  -1.3250
 1983   1.1095   0.7374   0.3432  -0.0345  -0.3810  -0.7875  -0.1420   0.0627   0.0498   0.0122   0.0906  -1.8750
 1984   1.1356   0.7566   0.3475  -0.0365  -0.3844  -0.7996  -0.1426   0.0637   0.0494   0.0131   0.0163  -0.7500
 1985   1.1579   0.7763   0.3517  -0.0380  -0.3877  -0.8118  -0.1432   0.0645   0.0489   0.0138   0.0114  -0.3250
 1986   1.1800   0.7946   0.3560  -0.0400  -0.3911  -0.8240  -0.1438   0.0653   0.0485   0.0149   0.0124  -0.3500
 1987   1.2084   0.8130   0.3603  -0.0415  -0.3944  -0.8361  -0.1443   0.0660   0.0480   0.0159   0.0148  -0.2500
 1988   1.2398   0.8320   0.3646  -0.0435  -0.3978  -0.8483  -0.1448   0.0666   0.0476   0.0169   0.0951  -0.2000
 1989   1.2664   0.8528   0.3689  -0.0455  -0.4012  -0.8605  -0.1452   0.0672   0.0471   0.0175   0.1506  -0.1500
 1990   1.2867   0.8717   0.3731  -0.0475  -0.4045  -0.8726  -0.1456   0.0678   0.0467   0.0186   0.1175  -0.1500
 1991   1.3045   0.8878   0.3746  -0.0495  -0.4004  -0.8776  -0.1460   0.0684   0.0460   0.0185   0.1260  -1.3500
 1992   1.3179   0.8997   0.3761  -0.0515  -0.3962  -0.8826  -0.1464   0.0688   0.0453   0.0204   0.1367  -3.0250
 1993   1.3318   0.9088   0.3775  -0.0535  -0.3920  -0.8875  -0.1467   0.0691   0.0447   0.0222   0.0628  -1.2250
 1994   1.3535   0.9159   0.3790  -0.0550  -0.3879  -0.8925  -0.1470   0.0693   0.0440   0.0237   0.0265  -0.5000
 1995   1.3808   0.9227   0.3804  -0.0560  -0.3837  -0.8974  -0.1473   0.0696   0.0433   0.0253   0.0203  -0.2500
 1996   1.4038   0.9297   0.3819  -0.0565  -0.3796  -0.9024  -0.1476   0.0698   0.0427   0.0267   0.0030  -0.1750
 1997   1.4282   0.9369   0.3833  -0.0565  -0.3754  -0.9074  -0.1479   0.0701   0.0420   0.0281   0.0160  -0.1250
 1998   1.4591   0.9441   0.3848  -0.0565  -0.3712  -0.9123  -0.1481   0.0705   0.0413   0.0291   0.0624  -0.0750
 1999   1.4891   0.9515   0.3862  -0.0560  -0.3671  -0.9173  -0.1483   0.0709   0.0407   0.0308   0.1039  -0.0500
 2000   1.5104   0.9565   0.3877  -0.0560  -0.3629  -0.9222  -0.1485   0.0710   0.0400   0.0331   0.1272  -0.0500
 2001   1.5324   0.9611   0.3889  -0.0550  -0.3616  -0.9200  -0.1487   0.0710   0.0400   0.0332   0.1144  -0.0500
 2002   1.5625   0.9654   0.3901  -0.0545  -0.3603  -0.9178  -0.1489   0.0711   0.0400   0.0330   0.1082  -0.0500
 2003   1.5941   0.9694   0.3914  -0.0540  -0.3590  -0.9156  -0.1490   0.0712   0.0400   0.0341   0.0416  -0.0750
 2004   1.6242   0.9731   0.3926  -0.0530  -0.3577  -0.9133  -0.1492   0.0712   0.0400   0.0378   0.0123  -0.0500
 2005   1.6543   0.9764   0.3938  -0.0525  -0.3565  -0.9111  -0.1493   0.0712   0.0400   0.0400  -0.0107  -0.0750
 2006   1.6839   0.9806   0.3951  -0.0520  -0.3552  -0.9089  -0.1495   0.0712   0.0400   0.0417  -0.0164  -0.1000
 2007   1.7106   0.9860   0.3963  -0.0515  -0.3539  -0.9067  -0.1496   0.0714   0.0400   0.0443  -0.0168  -0.1000
 2008   1.7361   0.9923   0.3975  -0.0510  -0.3526  -0.9044  -0.1497   0.0718   0.0400   0.0459  -0.0247  -0.1000
 2009   1.7621   0.9985   0.3988  -0.0505  -0.3513  -0.9022  -0.1499   0.0721   0.0400   0.0442  -0.0267  -0.1250
 2010   1.7888   1.0053   0.4000  -0.0500  -0.3500  -0.9000  -0.1500   0.0724   0.0400   0.0478   0.0011  -0.1000
 2011   1.8164   1.0149   0.4000  -0.0500  -0.3500  -0.9000  -0.1500   0.0727   0.0400   0.0500   0.0301  -0.1250

